Orthogroup	Polistes_dominula	Osmia_bicornis
OG0000000	XP_015189866.1, XP_015189951.1	XP_029053837.1, XP_029053874.1, XP_029054235.1, XP_029054585.1, XP_029054548.1, XP_029055099.1
OG0000000	XP_015191278.1, XP_015180767.1	XP_029054552.1
OG0000000	XP_015189697.1, XP_015189651.1, XP_015189739.1	XP_029053969.1
OG0000000	XP_015186015.1, XP_015189812.1, XP_015189416.1	XP_029054398.1
OG0000000	XP_015191151.1	XP_029054627.1, XP_029054117.1, XP_029053951.1
OG0000001	XP_015182412.1, XP_015182413.1, XP_015181295.1	XP_029044867.1
OG0000001	XP_015190970.1	XP_029047550.1, XP_029047546.1, XP_029047548.1, XP_029047547.1, XP_029055795.1
OG0000001	XP_015183493.1	XP_029053627.1, XP_029053628.1, XP_029054076.1, XP_029054175.1, XP_029053437.1, XP_029048982.1, XP_029048983.1, XP_029048984.1, XP_029048981.1, XP_029053439.1, XP_029053440.1, XP_029054094.1, XP_029053433.1, XP_029053438.1, XP_029054161.1, XP_029052981.1, XP_029052980.1, XP_029052979.1, XP_029052978.1, XP_029053697.1, XP_029053980.1, XP_029053981.1, XP_029053979.1, XP_029053978.1, XP_029053876.1, XP_029053701.1, XP_029053700.1, XP_029053699.1, XP_029053698.1, XP_029053704.1
OG0000001	XP_015174482.1	XP_029036021.1
OG0000002	XP_015179442.1	XP_029034426.1
OG0000002	XP_015179331.1	XP_029048273.1
OG0000002	XP_015179329.1, XP_015179330.1, XP_015179496.1	XP_029048274.1, XP_029048309.1
OG0000002	XP_015179320.1, XP_015179321.1	XP_029034429.1, XP_029034428.1, XP_029034389.1, XP_029054354.1, XP_029048279.1
OG0000002	XP_015179497.1	XP_029054356.1, XP_029048299.1
OG0000003	XP_015189778.1	XP_029054798.1
OG0000004	XP_015189180.1	XP_029043188.1
OG0000004	XP_015177516.1	XP_029055059.1, XP_029055222.1, XP_029055135.1
OG0000004	XP_015189681.1, XP_015175257.1	XP_029054728.1
OG0000004	XP_015175256.1	XP_029054531.1
OG0000004	XP_015171070.1	XP_029055109.1
OG0000004	XP_015189976.1	XP_029054008.1, XP_029046929.1
OG0000004	XP_015189729.1, XP_015189948.1, XP_015189979.1	XP_029055315.1
OG0000004	XP_015189887.1	XP_029055010.1
OG0000004	XP_015189689.1	XP_029055230.1
OG0000004	XP_015186432.1	XP_029054487.1, XP_029054704.1
OG0000005	XP_015187494.1	XP_029054911.1
OG0000005	XP_015186874.1	XP_029054068.1
OG0000006	XP_015180561.1	XP_029036167.1
OG0000006	XP_015184251.1	XP_029033655.1
OG0000008	XP_015180320.1	XP_029037761.1
OG0000008	XP_015182812.1	XP_029041248.1
OG0000008	XP_015180327.1, XP_015180328.1	XP_029037757.1
OG0000008	XP_015180322.1, XP_015180321.1, XP_015180323.1	XP_029037755.1
OG0000008	XP_015180324.1, XP_015180325.1	XP_029037762.1
OG0000009	XP_015177367.1	XP_029039353.1, XP_029039355.1, XP_029039354.1
OG0000009	XP_015177306.1, XP_015177200.1, XP_015177307.1, XP_015177305.1	XP_029039416.1, XP_029039350.1, XP_029039348.1, XP_029039349.1
OG0000010	XP_015187532.1, XP_015189777.1	XP_029054229.1, XP_029053726.1, XP_029053824.1
OG0000012	XP_015181488.1	XP_029040151.1
OG0000012	XP_015181463.1	XP_029040169.1
OG0000012	XP_015184231.1	XP_029036967.1
OG0000012	XP_015181630.1	XP_029036856.1
OG0000013	XP_015172623.1	XP_029053452.1, XP_029054967.1, XP_029053453.1
OG0000013	XP_015174269.1	XP_029035638.1
OG0000013	XP_015172185.1	XP_029037650.1
OG0000014	XP_015177523.1	XP_029035522.1, XP_029053444.1, XP_029055146.1, XP_029053956.1, XP_029054088.1, XP_029051685.1, XP_029051694.1, XP_029051987.1
OG0000015	XP_015175981.1, XP_015189929.1	XP_029054814.1
OG0000015	XP_015189716.1	XP_029055256.1
OG0000016	XP_015189959.1	XP_029054344.1, XP_029054391.1, XP_029053686.1
OG0000016	XP_015184181.1, XP_015189904.1, XP_015182291.1, XP_015176614.1, XP_015189259.1, XP_015184966.1, XP_015171454.1, XP_015189561.1	XP_029054495.1, XP_029055268.1, XP_029053711.1
OG0000016	XP_015190988.1, XP_015189498.1, XP_015189980.1, XP_015189915.1	XP_029054642.1
OG0000017	XP_015172927.1, XP_015172893.1, XP_015172912.1, XP_015172903.1, XP_015172883.1	XP_029036237.1
OG0000017	XP_015180943.1, XP_015180944.1	XP_029039562.1
OG0000017	XP_015180945.1	XP_029039565.1, XP_029039563.1, XP_029039564.1
OG0000018	XP_015184408.1	XP_029051327.1
OG0000018	XP_015186827.1	XP_029049739.1, XP_029049738.1, XP_029049740.1
OG0000018	XP_015186828.1	XP_029049735.1
OG0000018	XP_015175602.1	XP_029036695.1
OG0000019	XP_015184618.1, XP_015184619.1, XP_015189804.1, XP_015189805.1	XP_029052871.1, XP_029052872.1
OG0000019	XP_015182221.1, XP_015189673.1	XP_029033414.1
OG0000020	XP_015172633.1	XP_029050516.1
OG0000020	XP_015183590.1	XP_029043034.1
OG0000020	XP_015171445.1	XP_029055041.1
OG0000020	XP_015183950.1, XP_015183951.1, XP_015183952.1	XP_029051090.1
OG0000020	XP_015181633.1	XP_029032757.1
OG0000021	XP_015183660.1, XP_015183652.1, XP_015183642.1, XP_015183675.1, XP_015183668.1	XP_029039360.1, XP_029039361.1, XP_029039362.1
OG0000021	XP_015184436.1	XP_029032147.1
OG0000021	XP_015190080.1	XP_029046571.1
OG0000021	XP_015188837.1	XP_029049609.1
OG0000021	XP_015183774.1, XP_015183791.1, XP_015183783.1	XP_029039365.1, XP_029039366.1, XP_029039367.1, XP_029039368.1, XP_029039369.1, XP_029039363.1
OG0000022	XP_015173497.1	XP_029035866.1
OG0000023	XP_015177524.1, XP_015173448.1	XP_029053360.1
OG0000024	XP_015188584.1, XP_015188403.1, XP_015171793.1	XP_029051585.1, XP_029051584.1, XP_029051583.1
OG0000024	XP_015182123.1	XP_029052345.1
OG0000024	XP_015181825.1	XP_029045871.1
OG0000024	XP_015181824.1	XP_029045870.1
OG0000025	XP_015189848.1	XP_029055259.1
OG0000025	XP_015181327.1, XP_015185986.1	XP_029053578.1
OG0000025	XP_015189019.1	XP_029054180.1
OG0000026	XP_015181461.1, XP_015181460.1	XP_029039364.1
OG0000026	XP_015191534.1	XP_029032070.1, XP_029039545.1
OG0000026	XP_015187302.1	XP_029055886.1, XP_029031842.1, XP_029032017.1, XP_029055971.1, XP_029055800.1, XP_029031929.1
OG0000027	XP_015172634.1	XP_029053460.1, XP_029053459.1, XP_029053373.1
OG0000027	XP_015177662.1	XP_029053445.1
OG0000028	XP_015180764.1, XP_015189418.1, XP_015189902.1	XP_029053767.1, XP_029054640.1, XP_029053970.1
OG0000029	XP_015185507.1	XP_029049864.1, XP_029049863.1
OG0000029	XP_015172137.1	XP_029041266.1
OG0000030	XP_015180792.1, XP_015180789.1, XP_015172637.1	XP_029038013.1, XP_029038012.1
OG0000030	XP_015187915.1, XP_015185971.1, XP_015185973.1, XP_015185974.1, XP_015185972.1, XP_015189947.1, XP_015189898.1, XP_015186637.1, XP_015189768.1, XP_015189842.1, XP_015186005.1, XP_015189795.1, XP_015189846.1, XP_015177899.1, XP_015186006.1, XP_015189579.1, XP_015189757.1, XP_015189580.1, XP_015189727.1, XP_015189305.1, XP_015189905.1, XP_015189578.1, XP_015186638.1	XP_029049282.1
OG0000032	XP_015190537.1	XP_029055718.1, XP_029055719.1, XP_029055717.1
OG0000032	XP_015182537.1, XP_015182533.1	XP_029050538.1
OG0000034	XP_015185288.1	XP_029052867.1, XP_029052866.1, XP_029052851.1, XP_029052877.1, XP_029048590.1, XP_029048589.1, XP_029052850.1
OG0000035	XP_015172482.1	XP_029032235.1
OG0000036	XP_015175890.1	XP_029047761.1, XP_029047766.1, XP_029047762.1
OG0000036	XP_015174610.1	XP_029047765.1
OG0000036	XP_015174768.1	XP_029047764.1
OG0000037	XP_015184679.1	XP_029047042.1
OG0000038	XP_015179091.1	XP_029039496.1
OG0000038	XP_015185565.1	XP_029036717.1, XP_029036716.1
OG0000038	XP_015184119.1	XP_029034840.1
OG0000040	XP_015175500.1	XP_029055961.1, XP_029055960.1, XP_029055959.1
OG0000041	XP_015182473.1, XP_015182472.1	XP_029032654.1, XP_029032653.1
OG0000041	XP_015179142.1	XP_029038902.1
OG0000041	XP_015179141.1	XP_029038901.1, XP_029038899.1
OG0000042	XP_015186594.1, XP_015186595.1, XP_015186596.1, XP_015189781.1, XP_015189581.1, XP_015189834.1, XP_015171566.1, XP_015171565.1, XP_015171564.1, XP_015171563.1, XP_015171562.1	XP_029048713.1
OG0000043	XP_015177490.1, XP_015177491.1	XP_029038126.1
OG0000043	XP_015187201.1	XP_029042860.1
OG0000043	XP_015180729.1	XP_029032665.1
OG0000044	XP_015184594.1	XP_029033389.1, XP_029033390.1
OG0000044	XP_015184599.1	XP_029033272.1, XP_029033270.1, XP_029033271.1
OG0000045	XP_015183311.1, XP_015183284.1	XP_029050902.1, XP_029050927.1, XP_029050914.1
OG0000045	XP_015173221.1	XP_029043746.1
OG0000046	XP_015179269.1	XP_029046126.1
OG0000046	XP_015177712.1	XP_029054140.1
OG0000046	XP_015174688.1, XP_015174687.1	XP_029049335.1
OG0000047	XP_015181292.1, XP_015182538.1	XP_029054608.1, XP_029054038.1, XP_029055277.1, XP_029054997.1, XP_029054202.1
OG0000047	XP_015189429.1, XP_015189816.1, XP_015189433.1	XP_029055147.1, XP_029054348.1, XP_029039380.1, XP_029053798.1
OG0000048	XP_015178594.1	XP_029038651.1
OG0000048	XP_015178617.1	XP_029038664.1
OG0000050	XP_015187332.1, XP_015175623.1	XP_029035421.1
OG0000051	XP_015188887.1	XP_029054696.1
OG0000052	XP_015186733.1	XP_029053695.1
OG0000052	XP_015175045.1	XP_029042748.1
OG0000053	XP_015189792.1, XP_015186004.1	XP_029054836.1, XP_029054892.1, XP_029054993.1
OG0000054	XP_015175390.1	XP_029050144.1
OG0000054	XP_015175295.1, XP_015175296.1, XP_015175389.1	XP_029050156.1, XP_029050150.1
OG0000055	XP_015171080.1	XP_029033370.1, XP_029033371.1
OG0000055	XP_015176664.1	XP_029035680.1
OG0000055	XP_015173765.1, XP_015173767.1	XP_029033206.1
OG0000056	XP_015176704.1	XP_029043848.1, XP_029043447.1
OG0000056	XP_015175416.1	XP_029041052.1
OG0000056	XP_015181793.1	XP_029050404.1
OG0000056	XP_015173622.1	XP_029048153.1
OG0000056	XP_015181325.1	XP_029044167.1
OG0000057	XP_015171970.1	XP_029035838.1
OG0000057	XP_015173587.1	XP_029041778.1
OG0000057	XP_015171878.1	XP_029035983.1
OG0000057	XP_015171877.1	XP_029035967.1
OG0000057	XP_015171777.1	XP_029035984.1
OG0000058	XP_015182294.1, XP_015182349.1, XP_015182350.1	XP_029038287.1
OG0000060	XP_015185766.1, XP_015185775.1	XP_029056239.1, XP_029056240.1
OG0000060	XP_015181080.1, XP_015181079.1	XP_029040322.1, XP_029040321.1, XP_029040320.1, XP_029040318.1, XP_029040317.1
OG0000061	XP_015188543.1	XP_029042514.1
OG0000061	XP_015177990.1	XP_029037437.1
OG0000062	XP_015173092.1	XP_029054767.1
OG0000062	XP_015178479.1	XP_029054389.1
OG0000064	XP_015178584.1, XP_015185301.1, XP_015185287.1, XP_015185289.1, XP_015185300.1	XP_029049217.1, XP_029049232.1, XP_029049008.1, XP_029049978.1
OG0000065	XP_015174229.1, XP_015174230.1, XP_015174227.1, XP_015174228.1, XP_015174231.1	XP_029047719.1
OG0000066	XP_015189741.1, XP_015189693.1, XP_015189896.1, XP_015176551.1	XP_029053476.1
OG0000067	XP_015179349.1	XP_029053164.1
OG0000067	XP_015180637.1	XP_029042775.1
OG0000067	XP_015184670.1	XP_029032764.1
OG0000067	XP_015182629.1	XP_029039161.1
OG0000069	XP_015175625.1	XP_029035424.1, XP_029035422.1
OG0000069	XP_015175624.1	XP_029035425.1, XP_029035429.1
OG0000070	XP_015181201.1	XP_029038581.1
OG0000071	XP_015189177.1	XP_029055115.1, XP_029054219.1, XP_029055020.1
OG0000072	XP_015176122.1	XP_029055286.1
OG0000073	XP_015173919.1	XP_029054983.1, XP_029052801.1, XP_029050690.1
OG0000074	XP_015188226.1, XP_015188225.1, XP_015174533.1, XP_015179365.1, XP_015174735.1	XP_029038270.1
OG0000075	XP_015189044.1, XP_015182495.1, XP_015189743.1, XP_015189925.1, XP_015190539.1, XP_015189824.1, XP_015189304.1	XP_029044179.1, XP_029044180.1
OG0000077	XP_015188023.1	XP_029041461.1
OG0000077	XP_015179002.1, XP_015185970.1	XP_029051620.1
OG0000078	XP_015185284.1, XP_015185291.1, XP_015185285.1	XP_029038384.1
OG0000080	XP_015185202.1, XP_015185201.1, XP_015185203.1	XP_029048618.1, XP_029048619.1
OG0000080	XP_015188705.1, XP_015188706.1	XP_029048621.1, XP_029048620.1
OG0000080	XP_015185196.1	XP_029048655.1
OG0000081	XP_015179051.1, XP_015179053.1, XP_015179052.1, XP_015179158.1, XP_015179157.1	XP_029040920.1
OG0000082	XP_015175969.1	XP_029037393.1
OG0000082	XP_015175974.1	XP_029037394.1
OG0000082	XP_015175968.1	XP_029037432.1, XP_029037434.1, XP_029037430.1, XP_029037431.1, XP_029037428.1, XP_029037429.1, XP_029037433.1, XP_029037395.1
OG0000083	XP_015173372.1, XP_015173381.1, XP_015189585.1, XP_015178751.1, XP_015184368.1, XP_015189821.1, XP_015189836.1	XP_029054986.1, XP_029054292.1, XP_029054325.1, XP_029052474.1, XP_029054760.1, XP_029055217.1, XP_029054748.1, XP_029054659.1, XP_029054537.1, XP_029054360.1, XP_029054550.1, XP_029054105.1, XP_029055102.1, XP_029053432.1, XP_029055154.1, XP_029053881.1, XP_029054230.1, XP_029054159.1, XP_029054244.1, XP_029054343.1, XP_029053571.1
OG0000084	XP_015180887.1	XP_029034284.1
OG0000084	XP_015180880.1	XP_029034302.1
OG0000085	XP_015172015.1	XP_029036566.1, XP_029036567.1
OG0000085	XP_015179519.1, XP_015175778.1, XP_015175777.1, XP_015175779.1	XP_029036300.1, XP_029036301.1
OG0000086	XP_015175698.1	XP_029036714.1
OG0000087	XP_015179311.1	XP_029056467.1
OG0000087	XP_015179470.1, XP_015179472.1, XP_015179471.1, XP_015179473.1	XP_029056466.1
OG0000088	XP_015175828.1	XP_029051133.1
OG0000089	XP_015191649.1	XP_029053161.1, XP_029053163.1, XP_029053162.1
OG0000089	XP_015191842.1	XP_029051588.1
OG0000090	XP_015185985.1	XP_029055085.1, XP_029055220.1
OG0000091	XP_015190282.1, XP_015190273.1	XP_029041126.1, XP_029041124.1
OG0000092	XP_015182560.1	XP_029048799.1
OG0000092	XP_015171266.1	XP_029041975.1, XP_029041991.1
OG0000092	XP_015171261.1	XP_029043422.1, XP_029044965.1, XP_029044957.1
OG0000092	XP_015180692.1	XP_029036169.1
OG0000094	XP_015176150.1, XP_015184885.1	XP_029033929.1
OG0000094	XP_015189233.1	XP_029034646.1, XP_029034647.1
OG0000094	XP_015175380.1	XP_029050994.1
OG0000095	XP_015179352.1, XP_015179379.1, XP_015187338.1, XP_015179387.1, XP_015179306.1, XP_015187259.1, XP_015179367.1, XP_015179368.1, XP_015179309.1, XP_015188211.1, XP_015188462.1, XP_015189731.1, XP_015177511.1, XP_015177513.1, XP_015177512.1, XP_015188691.1, XP_015189818.1, XP_015188693.1	XP_029035463.1
OG0000096	XP_015179711.1, XP_015179710.1, XP_015179714.1, XP_015179713.1	XP_029039146.1
OG0000096	XP_015178304.1	XP_029053037.1
OG0000097	XP_015172032.1, XP_015172041.1	XP_029033159.1, XP_029033157.1, XP_029033158.1
OG0000097	XP_015182319.1, XP_015182320.1, XP_015177848.1	XP_029042191.1, XP_029042190.1
OG0000098	XP_015183431.1, XP_015183430.1, XP_015183429.1, XP_015183432.1, XP_015183427.1, XP_015183428.1	XP_029040058.1, XP_029040062.1, XP_029040061.1, XP_029040060.1, XP_029040057.1
OG0000099	XP_015176643.1	XP_029034823.1
OG0000099	XP_015176645.1	XP_029034765.1
OG0000099	XP_015179938.1	XP_029045960.1
OG0000100	XP_015189083.1, XP_015189082.1, XP_015189085.1, XP_015189084.1, XP_015189086.1, XP_015189080.1, XP_015189081.1	XP_029038954.1, XP_029038955.1, XP_029038950.1, XP_029038951.1, XP_029038952.1, XP_029038953.1
OG0000101	XP_015184968.1	XP_029038150.1
OG0000101	XP_015178204.1, XP_015178201.1	XP_029038151.1
OG0000102	XP_015177204.1	XP_029052948.1
OG0000103	XP_015173914.1	XP_029044547.1
OG0000103	XP_015174400.1, XP_015174392.1	XP_029044558.1, XP_029044556.1
OG0000103	XP_015174420.1, XP_015174451.1, XP_015174437.1, XP_015174429.1, XP_015174443.1, XP_015174411.1	XP_029034468.1, XP_029034469.1, XP_029034466.1, XP_029034467.1
OG0000106	XP_015189668.1	XP_029044943.1
OG0000106	XP_015179304.1	XP_029048081.1, XP_029048075.1, XP_029048076.1, XP_029048085.1, XP_029048080.1, XP_029048078.1, XP_029048084.1
OG0000107	XP_015187650.1	XP_029053769.1
OG0000107	XP_015172211.1, XP_015172212.1	XP_029051339.1
OG0000108	XP_015181990.1, XP_015182011.1, XP_015191850.1	XP_029040200.1, XP_029040201.1
OG0000109	XP_015175909.1, XP_015175910.1, XP_015175911.1, XP_015175907.1	XP_029050471.1, XP_029050469.1, XP_029050473.1, XP_029050472.1
OG0000110	XP_015177093.1	XP_029038421.1, XP_029038418.1, XP_029038419.1
OG0000110	XP_015180892.1	XP_029043468.1
OG0000111	XP_015175971.1	XP_029036880.1, XP_029044472.1, XP_029044473.1, XP_029044439.1, XP_029044436.1, XP_029044435.1, XP_029044432.1, XP_029044433.1, XP_029044430.1
OG0000111	XP_015188005.1	XP_029047148.1
OG0000112	XP_015188234.1, XP_015188235.1, XP_015188236.1	XP_029046532.1, XP_029046533.1
OG0000112	XP_015180272.1, XP_015180273.1	XP_029048168.1
OG0000113	XP_015185884.1	XP_029037699.1
OG0000113	XP_015172979.1, XP_015172980.1	XP_029048517.1
OG0000114	XP_015171118.1	XP_029044505.1, XP_029050777.1, XP_029050778.1
OG0000114	XP_015171119.1	XP_029036590.1
OG0000115	XP_015171184.1, XP_015171185.1	XP_029035566.1
OG0000115	XP_015183848.1, XP_015183846.1	XP_029048286.1
OG0000116	XP_015173852.1, XP_015173854.1, XP_015173853.1	XP_029036993.1, XP_029036999.1
OG0000116	XP_015173840.1, XP_015173841.1	XP_029037819.1, XP_029037828.1
OG0000117	XP_015176195.1	XP_029050106.1
OG0000117	XP_015171648.1, XP_015171595.1	XP_029053280.1, XP_029053279.1, XP_029053278.1, XP_029053281.1
OG0000119	XP_015178611.1, XP_015178609.1, XP_015178605.1, XP_015178601.1	XP_029036980.1, XP_029036750.1, XP_029036919.1, XP_029036815.1, XP_029036844.1
OG0000120	XP_015171646.1, XP_015171649.1, XP_015171650.1, XP_015171651.1, XP_015171644.1, XP_015171645.1, XP_015171647.1	XP_029038490.1, XP_029038486.1, XP_029038485.1, XP_029038483.1, XP_029038484.1, XP_029038488.1, XP_029038489.1
OG0000122	XP_015172102.1	XP_029051575.1
OG0000122	XP_015172140.1	XP_029054705.1
OG0000123	XP_015185661.1, XP_015185658.1, XP_015185659.1, XP_015185654.1, XP_015185655.1, XP_015185656.1, XP_015185657.1, XP_015185653.1, XP_015185660.1	XP_029043158.1, XP_029043156.1, XP_029043157.1, XP_029043153.1, XP_029043155.1, XP_029043150.1, XP_029043149.1, XP_029043151.1, XP_029043152.1, XP_029043147.1, XP_029043148.1
OG0000124	XP_015173329.1, XP_015173327.1, XP_015173328.1	XP_029037788.1, XP_029036850.1, XP_029037019.1, XP_029036756.1, XP_029037535.1, XP_029037363.1, XP_029037873.1, XP_029037101.1, XP_029037448.1, XP_029037702.1, XP_029036672.1, XP_029037621.1, XP_029036938.1
OG0000125	XP_015191429.1	XP_029038301.1, XP_029032057.1, XP_029036162.1, XP_029037018.1, XP_029032043.1, XP_029035307.1, XP_029032032.1, XP_029032023.1
OG0000126	XP_015180002.1, XP_015180011.1, XP_015180021.1, XP_015179995.1	XP_029049817.1, XP_029049833.1, XP_029049843.1, XP_029049826.1, XP_029049807.1, XP_029049849.1
OG0000127	XP_015188504.1	XP_029049523.1, XP_029049524.1
OG0000129	XP_015185341.1, XP_015185342.1	XP_029038381.1, XP_029038382.1, XP_029038380.1, XP_029038379.1, XP_029038378.1, XP_029038377.1, XP_029038376.1, XP_029038375.1
OG0000130	XP_015177984.1	XP_029040004.1
OG0000130	XP_015177985.1, XP_015177986.1	XP_029040144.1, XP_029040135.1, XP_029040130.1
OG0000130	XP_015178018.1, XP_015178019.1	XP_029040646.1
OG0000131	XP_015188702.1	XP_029035464.1
OG0000131	XP_015181077.1, XP_015181078.1	XP_029032564.1, XP_029032565.1, XP_029032563.1
OG0000132	XP_015173499.1, XP_015173500.1	XP_029042885.1, XP_029042884.1
OG0000132	XP_015188177.1	XP_029046706.1, XP_029046715.1
OG0000133	XP_015173823.1	XP_029032942.1, XP_029032943.1, XP_029032944.1
OG0000135	XP_015176354.1	XP_029032688.1
OG0000135	XP_015190379.1, XP_015190377.1, XP_015190378.1	XP_029052001.1
OG0000135	XP_015186255.1	XP_029033778.1
OG0000136	XP_015182073.1	XP_029051548.1, XP_029055196.1, XP_029055024.1, XP_029051623.1
OG0000137	XP_015174184.1	XP_029048064.1
OG0000137	XP_015176307.1	XP_029051312.1
OG0000138	XP_015173336.1, XP_015173335.1, XP_015173334.1, XP_015173333.1	XP_029043735.1, XP_029043737.1, XP_029043736.1, XP_029043739.1, XP_029043738.1, XP_029043741.1, XP_029043740.1
OG0000138	XP_015181777.1	XP_029043742.1
OG0000139	XP_015184449.1	XP_029050502.1
OG0000141	XP_015172584.1	XP_029038466.1, XP_029038465.1
OG0000141	XP_015191838.1	XP_029036213.1, XP_029036212.1
OG0000141	XP_015178844.1, XP_015178845.1	XP_029044664.1
OG0000142	XP_015177690.1	XP_029044489.1, XP_029044511.1, XP_029053705.1, XP_029044543.1, XP_029054183.1, XP_029044512.1
OG0000143	XP_015188708.1	XP_029041592.1, XP_029041591.1, XP_029041594.1
OG0000143	XP_015188709.1, XP_015188710.1	XP_029041621.1, XP_029041620.1, XP_029041624.1, XP_029041623.1, XP_029041622.1
OG0000144	XP_015177942.1	XP_029035145.1
OG0000145	XP_015182419.1, XP_015182420.1, XP_015182418.1, XP_015182421.1	XP_029047376.1, XP_029047377.1
OG0000145	XP_015191830.1, XP_015191831.1, XP_015191832.1	XP_029043895.1, XP_029045165.1
OG0000146	XP_015178326.1, XP_015178324.1	XP_029045164.1, XP_029045163.1, XP_029038795.1, XP_029038794.1
OG0000147	XP_015172908.1	XP_029050244.1, XP_029048716.1, XP_029048715.1, XP_029048711.1, XP_029048710.1, XP_029048714.1, XP_029048709.1, XP_029048708.1, XP_029048717.1
OG0000149	XP_015183082.1	XP_029047226.1
OG0000149	XP_015183081.1, XP_015183080.1, XP_015183079.1	XP_029047230.1, XP_029047231.1, XP_029047232.1
OG0000150	XP_015187534.1, XP_015187533.1, XP_015187535.1, XP_015187536.1	XP_029041950.1
OG0000151	XP_015179752.1, XP_015179751.1, XP_015179755.1, XP_015179753.1, XP_015179750.1	XP_029031892.1, XP_029031893.1, XP_029031895.1, XP_029031894.1, XP_029031896.1
OG0000152	XP_015177279.1	XP_029047059.1
OG0000153	XP_015183219.1, XP_015183220.1, XP_015183221.1, XP_015183223.1, XP_015183222.1, XP_015183224.1	XP_029039104.1, XP_029039105.1, XP_029039106.1, XP_029039101.1, XP_029039103.1
OG0000154	XP_015178505.1, XP_015178503.1, XP_015178507.1, XP_015178506.1	XP_029038796.1
OG0000155	XP_015186403.1	XP_029054807.1, XP_029054237.1
OG0000156	XP_015190200.1, XP_015190202.1, XP_015190201.1, XP_015190205.1, XP_015190203.1, XP_015190204.1	XP_029035328.1
OG0000157	XP_015176246.1	XP_029051281.1
OG0000158	XP_015179488.1	XP_029046478.1, XP_029046471.1, XP_029046469.1, XP_029046468.1, XP_029042113.1, XP_029046467.1
OG0000160	XP_015185930.1	XP_029042735.1
OG0000160	XP_015184081.1	XP_029032546.1
OG0000161	XP_015176784.1	XP_029049654.1, XP_029049653.1
OG0000162	XP_015186367.1	XP_029035080.1
OG0000162	XP_015182682.1	XP_029037503.1
OG0000164	XP_015191636.1	XP_029053418.1, XP_029053381.1
OG0000164	XP_015191588.1	XP_029053407.1
OG0000165	XP_015185448.1	XP_029038180.1, XP_029038179.1
OG0000165	XP_015174982.1	XP_029047501.1
OG0000166	XP_015173109.1, XP_015173102.1, XP_015173096.1, XP_015173094.1, XP_015173098.1	XP_029043654.1, XP_029043635.1, XP_029043629.1
OG0000168	XP_015190714.1, XP_015190715.1	XP_029036231.1
OG0000169	XP_015174834.1, XP_015178625.1, XP_015181526.1	XP_029040131.1
OG0000170	XP_015191094.1	XP_029033623.1
OG0000171	XP_015174391.1	XP_029047309.1
OG0000171	XP_015174730.1	XP_029047311.1
OG0000172	XP_015184112.1, XP_015184114.1, XP_015184115.1, XP_015184116.1, XP_015184111.1	XP_029040332.1, XP_029040337.1, XP_029040338.1, XP_029040333.1, XP_029040334.1, XP_029040335.1, XP_029040336.1
OG0000173	XP_015173985.1, XP_015173987.1, XP_015173988.1, XP_015173989.1	XP_029045882.1, XP_029045886.1, XP_029045884.1, XP_029045883.1, XP_029045881.1, XP_029045880.1
OG0000174	XP_015191732.1, XP_015191730.1, XP_015191731.1	XP_029038443.1, XP_029038444.1, XP_029038447.1, XP_029038446.1, XP_029038448.1
OG0000175	XP_015184505.1, XP_015184496.1, XP_015184487.1, XP_015184522.1, XP_015184514.1	XP_029032769.1, XP_029032767.1, XP_029032768.1
OG0000176	XP_015179485.1	XP_029041606.1
OG0000177	XP_015191041.1	XP_029035382.1, XP_029035383.1
OG0000177	XP_015190999.1	XP_029035403.1
OG0000178	XP_015179140.1	XP_029039971.1, XP_029039967.1
OG0000179	XP_015183599.1	XP_029046643.1
OG0000179	XP_015184549.1	XP_029038918.1
OG0000179	XP_015181406.1	XP_029037996.1
OG0000180	XP_015171486.1, XP_015171485.1, XP_015171484.1	XP_029046844.1, XP_029046842.1, XP_029046843.1
OG0000181	XP_015183736.1, XP_015183737.1, XP_015183738.1, XP_015183741.1, XP_015183739.1, XP_015183735.1	XP_029051355.1, XP_029051353.1, XP_029051352.1, XP_029051351.1, XP_029051350.1, XP_029051349.1, XP_029051354.1, XP_029051348.1
OG0000182	XP_015177676.1, XP_015177666.1, XP_015177685.1, XP_015177651.1, XP_015177659.1	XP_029044796.1, XP_029044797.1, XP_029044799.1, XP_029044800.1, XP_029044801.1, XP_029044793.1, XP_029044794.1, XP_029044795.1
OG0000183	XP_015175162.1	XP_029047940.1
OG0000183	XP_015181592.1	XP_029053202.1
OG0000185	XP_015175891.1, XP_015175892.1, XP_015175893.1	XP_029037641.1, XP_029037640.1
OG0000185	XP_015175804.1	XP_029037652.1, XP_029037651.1
OG0000186	XP_015183983.1, XP_015183981.1	XP_029043658.1, XP_029043698.1, XP_029043697.1
OG0000187	XP_015180155.1, XP_015180146.1, XP_015180136.1	XP_029047831.1
OG0000188	XP_015176881.1	XP_029035546.1
OG0000189	XP_015171025.1	XP_029035806.1, XP_029035810.1, XP_029035809.1, XP_029035808.1
OG0000190	XP_015184945.1	XP_029056400.1, XP_029056399.1, XP_029056401.1
OG0000191	XP_015179465.1, XP_015179466.1	XP_029036825.1
OG0000192	XP_015178452.1	XP_029034267.1, XP_029034266.1
OG0000194	XP_015173634.1	XP_029038776.1
OG0000194	XP_015173610.1	XP_029038788.1
OG0000194	XP_015181334.1, XP_015181335.1	XP_029038813.1
OG0000195	XP_015179161.1	XP_029052983.1, XP_029052995.1, XP_029052191.1, XP_029052984.1, XP_029052188.1
OG0000196	XP_015178964.1	XP_029041657.1, XP_029041656.1
OG0000196	XP_015174639.1	XP_029053549.1
OG0000198	XP_015173178.1	XP_029048757.1, XP_029048766.1, XP_029048776.1
OG0000199	XP_015174540.1	XP_029049343.1
OG0000200	XP_015187594.1	XP_029052014.1
OG0000200	XP_015178431.1, XP_015178427.1	XP_029049081.1, XP_029049085.1
OG0000201	XP_015179138.1	XP_029039891.1
OG0000202	XP_015177652.1, XP_015177653.1, XP_015177655.1, XP_015177654.1	XP_029044324.1
OG0000203	XP_015176004.1	XP_029047463.1
OG0000203	XP_015174579.1, XP_015174578.1	XP_029042308.1, XP_029042310.1
OG0000204	XP_015182497.1, XP_015177887.1	XP_029049274.1, XP_029049273.1, XP_029049272.1, XP_029049275.1
OG0000205	XP_015183111.1, XP_015183110.1	XP_029047201.1, XP_029047202.1, XP_029047200.1, XP_029047205.1, XP_029047203.1, XP_029047204.1
OG0000206	XP_015186289.1	XP_029052215.1
OG0000206	XP_015186290.1, XP_015186291.1	XP_029052187.1, XP_029052186.1
OG0000207	XP_015175962.1	XP_029046518.1
OG0000207	XP_015186420.1, XP_015186417.1	XP_029041769.1
OG0000208	XP_015186385.1	XP_029041765.1
OG0000208	XP_015173568.1	XP_029033072.1
OG0000209	XP_015184955.1	XP_029047963.1, XP_029047965.1, XP_029047964.1
OG0000210	XP_015177416.1	XP_029037304.1
OG0000210	XP_015180468.1	XP_029045711.1
OG0000210	XP_015185061.1	XP_029041331.1
OG0000212	XP_015179526.1, XP_015179527.1	XP_029034391.1, XP_029034390.1
OG0000212	XP_015185495.1	XP_029051924.1
OG0000212	XP_015185494.1	XP_029051929.1
OG0000213	XP_015189481.1	XP_029041152.1, XP_029041153.1, XP_029041150.1, XP_029041151.1
OG0000214	XP_015190491.1	XP_029041256.1
OG0000215	XP_015185000.1	XP_029040889.1, XP_029040887.1, XP_029040888.1
OG0000215	XP_015185001.1	XP_029040891.1
OG0000216	XP_015185916.1	XP_029052235.1, XP_029052237.1
OG0000217	XP_015186718.1	XP_029041283.1
OG0000218	XP_015174590.1, XP_015174588.1, XP_015174591.1	XP_029034776.1, XP_029034777.1, XP_029034772.1, XP_029034773.1, XP_029034774.1, XP_029034775.1
OG0000219	XP_015173758.1, XP_015173757.1, XP_015173756.1	XP_029033097.1, XP_029033098.1, XP_029033099.1, XP_029033101.1, XP_029033100.1
OG0000220	XP_015184604.1	XP_029033278.1, XP_029033277.1, XP_029033279.1, XP_029033274.1, XP_029033275.1, XP_029033276.1, XP_029033273.1
OG0000221	XP_015184406.1	XP_029042551.1
OG0000222	XP_015189700.1, XP_015189807.1, XP_015172132.1, XP_015189831.1	XP_029054373.1, XP_029053995.1, XP_029055013.1, XP_029054232.1, XP_029054681.1, XP_029054723.1, XP_029055187.1, XP_029054841.1, XP_029055104.1, XP_029055199.1, XP_029053908.1, XP_029055030.1, XP_029054019.1, XP_029054877.1, XP_029054300.1, XP_029053902.1, XP_029054163.1, XP_029053868.1
OG0000222	XP_015189927.1, XP_015188425.1, XP_015189963.1, XP_015189762.1, XP_015189258.1, XP_015189503.1, XP_015189830.1, XP_015189825.1, XP_015189707.1	XP_029054851.1, XP_029054875.1, XP_029055065.1, XP_029054599.1, XP_029054559.1, XP_029054035.1, XP_029055006.1, XP_029054241.1, XP_029054262.1, XP_029055066.1, XP_029054039.1, XP_029054861.1, XP_029054583.1, XP_029054948.1, XP_029054305.1, XP_029053732.1, XP_029054947.1
OG0000223	XP_015186521.1	XP_029038992.1
OG0000223	XP_015178968.1	XP_029044364.1
OG0000225	XP_015171829.1, XP_015171828.1	XP_029035976.1, XP_029035979.1, XP_029035978.1
OG0000225	XP_015176375.1	XP_029032932.1
OG0000227	XP_015177648.1, XP_015177645.1	XP_029056277.1, XP_029056278.1, XP_029056276.1, XP_029056274.1, XP_029056306.1, XP_029056308.1, XP_029056307.1, XP_029056309.1, XP_029056279.1
OG0000228	XP_015189827.1	XP_029054240.1, XP_029053823.1, XP_029054303.1, XP_029053356.1, XP_029053909.1, XP_029054555.1, XP_029054744.1, XP_029054503.1, XP_029053720.1, XP_029054269.1
OG0000229	XP_015186538.1	XP_029043983.1
OG0000230	XP_015187246.1, XP_015187244.1, XP_015187242.1, XP_015187243.1	XP_029052179.1, XP_029052178.1
OG0000231	XP_015174418.1, XP_015174419.1	XP_029054484.1, XP_029039829.1
OG0000232	XP_015185539.1, XP_015185538.1, XP_015185537.1	XP_029039432.1
OG0000233	XP_015178474.1	XP_029038096.1, XP_029038095.1
OG0000235	XP_015191589.1	XP_029045311.1, XP_029045317.1, XP_029045324.1, XP_029045318.1
OG0000236	XP_015175604.1, XP_015175605.1	XP_029036862.1, XP_029036865.1, XP_029036864.1
OG0000236	XP_015175615.1	XP_029036869.1
OG0000237	XP_015171667.1	XP_029051857.1
OG0000237	XP_015171630.1	XP_029051872.1
OG0000238	XP_015181792.1, XP_015189873.1, XP_015189584.1, XP_015187720.1	XP_029055021.1, XP_029054727.1, XP_029054859.1, XP_029054643.1, XP_029054158.1, XP_029054118.1, XP_029055040.1, XP_029054071.1, XP_029054385.1, XP_029054890.1, XP_029054915.1, XP_029055064.1, XP_029053760.1, XP_029054193.1, XP_029054595.1
OG0000239	XP_015190308.1, XP_015190309.1, XP_015189352.1	XP_029036180.1, XP_029036132.1
OG0000240	XP_015173344.1, XP_015173331.1, XP_015173359.1	XP_029047308.1, XP_029047307.1, XP_029047306.1, XP_029047240.1
OG0000243	XP_015174530.1	XP_029053744.1
OG0000244	XP_015179576.1, XP_015179577.1, XP_015179580.1, XP_015179579.1, XP_015179578.1	XP_029039027.1
OG0000245	XP_015189008.1	XP_029039448.1
OG0000246	XP_015179151.1	XP_029043282.1, XP_029043284.1, XP_029043283.1
OG0000246	XP_015182115.1, XP_015182116.1	XP_029043287.1, XP_029043289.1, XP_029043288.1
OG0000247	XP_015191550.1	XP_029036519.1
OG0000247	XP_015191855.1, XP_015191854.1	XP_029036521.1
OG0000248	XP_015182680.1	XP_029042768.1
OG0000249	XP_015187603.1, XP_015190237.1, XP_015190236.1	XP_029044045.1
OG0000250	XP_015190042.1	XP_029052120.1
OG0000250	XP_015172559.1, XP_015172558.1	XP_029055624.1, XP_029055616.1
OG0000251	XP_015180463.1	XP_029045709.1, XP_029045708.1
OG0000251	XP_015181737.1	XP_029038523.1, XP_029038522.1
OG0000252	XP_015171597.1, XP_015171596.1	XP_029037839.1
OG0000253	XP_015190633.1	XP_029036723.1
OG0000253	XP_015182084.1	XP_029032574.1
OG0000254	XP_015190592.1	XP_029046368.1
OG0000254	XP_015179929.1	XP_029055807.1
OG0000256	XP_015190359.1	XP_029042504.1, XP_029042508.1, XP_029042505.1, XP_029042506.1, XP_029042511.1, XP_029042512.1, XP_029042509.1, XP_029042507.1
OG0000257	XP_015191073.1, XP_015191061.1	XP_029045410.1
OG0000257	XP_015191056.1	XP_029045406.1
OG0000258	XP_015179393.1	XP_029047643.1, XP_029047644.1
OG0000259	XP_015189497.1	XP_029044913.1
OG0000260	XP_015186969.1	XP_029053188.1
OG0000263	XP_015182751.1	XP_029042765.1, XP_029042764.1, XP_029042763.1
OG0000264	XP_015177860.1	XP_029053644.1
OG0000264	XP_015175459.1	XP_029053659.1, XP_029053657.1
OG0000265	XP_015187998.1, XP_015187683.1, XP_015188988.1	XP_029048310.1
OG0000266	XP_015188854.1	XP_029049979.1
OG0000266	XP_015188288.1	XP_029049312.1
OG0000268	XP_015181711.1	XP_029053715.1
OG0000269	XP_015188277.1, XP_015188276.1, XP_015188274.1	XP_029036205.1, XP_029036204.1
OG0000270	XP_015178020.1	XP_029047487.1
OG0000270	XP_015180910.1	XP_029045046.1
OG0000271	XP_015184680.1	XP_029047035.1
OG0000272	XP_015171556.1	XP_029034319.1
OG0000272	XP_015185525.1	XP_029032785.1, XP_029032787.1
OG0000273	XP_015191012.1, XP_015191013.1	XP_029044326.1, XP_029044327.1
OG0000275	XP_015173577.1, XP_015173578.1, XP_015173580.1	XP_029051562.1
OG0000276	XP_015184477.1	XP_029053712.1
OG0000277	XP_015172488.1, XP_015172487.1, XP_015172485.1, XP_015172489.1, XP_015172490.1	XP_029032823.1, XP_029032828.1, XP_029032829.1, XP_029032830.1, XP_029032831.1, XP_029032824.1, XP_029032825.1, XP_029032832.1, XP_029032833.1, XP_029032827.1
OG0000278	XP_015171924.1, XP_015181215.1, XP_015181217.1, XP_015181216.1, XP_015181214.1	XP_029051961.1, XP_029049618.1
OG0000279	XP_015187581.1, XP_015187580.1	XP_029036092.1, XP_029036091.1, XP_029036094.1, XP_029036095.1, XP_029036096.1
OG0000281	XP_015184470.1	XP_029053027.1
OG0000281	XP_015171539.1	XP_029045750.1, XP_029045751.1, XP_029045752.1, XP_029045754.1, XP_029045756.1, XP_029045753.1
OG0000281	XP_015171540.1	XP_029045757.1
OG0000283	XP_015179948.1, XP_015179949.1	XP_029045503.1, XP_029045504.1
OG0000284	XP_015182032.1	XP_029055634.1
OG0000284	XP_015181126.1	XP_029055784.1, XP_029055401.1
OG0000285	XP_015173011.1, XP_015173009.1	XP_029048555.1, XP_029048564.1, XP_029048573.1, XP_029048581.1
OG0000286	XP_015177428.1, XP_015177411.1, XP_015177397.1, XP_015177404.1, XP_015177419.1	XP_029033341.1
OG0000288	XP_015186294.1	XP_029037231.1
OG0000288	XP_015183873.1	XP_029048238.1
OG0000289	XP_015177216.1, XP_015177215.1, XP_015177214.1	XP_029040796.1
OG0000290	XP_015179247.1	XP_029051156.1
OG0000292	XP_015175897.1	XP_029042887.1
OG0000292	XP_015175924.1	XP_029037740.1
OG0000293	XP_015179982.1, XP_015180247.1	XP_029038982.1, XP_029038983.1, XP_029038981.1
OG0000294	XP_015190559.1	XP_029041535.1
OG0000294	XP_015175803.1, XP_015190974.1, XP_015190973.1, XP_015189890.1, XP_015190560.1	XP_029041597.1
OG0000295	XP_015185216.1, XP_015185218.1, XP_015185219.1, XP_015185221.1, XP_015185220.1	XP_029042145.1
OG0000296	XP_015175143.1	XP_029049544.1, XP_029049545.1, XP_029049543.1
OG0000298	XP_015178198.1	XP_029052544.1, XP_029052541.1, XP_029052542.1, XP_029052540.1
OG0000299	XP_015173742.1, XP_015173740.1, XP_015173741.1	XP_029033103.1, XP_029033106.1, XP_029033105.1, XP_029033102.1
OG0000300	XP_015174564.1, XP_015174566.1, XP_015174563.1, XP_015174565.1, XP_015174562.1	XP_029032635.1
OG0000301	XP_015180681.1	XP_029048644.1, XP_029048643.1
OG0000301	XP_015183588.1	XP_029043020.1
OG0000302	XP_015171510.1	XP_029039652.1
OG0000302	XP_015178748.1	XP_029045566.1
OG0000303	XP_015174186.1	XP_029051023.1
OG0000303	XP_015179972.1	XP_029048888.1
OG0000304	XP_015186040.1, XP_015186043.1, XP_015186044.1, XP_015186041.1, XP_015186042.1, XP_015186039.1	XP_029044234.1, XP_029044235.1, XP_029044237.1, XP_029044236.1, XP_029044238.1
OG0000305	XP_015181733.1	XP_029048754.1
OG0000306	XP_015183454.1	XP_029055772.1
OG0000307	XP_015176072.1	XP_029042359.1, XP_029042358.1
OG0000308	XP_015172660.1	XP_029040434.1, XP_029040435.1, XP_029040433.1
OG0000309	XP_015185206.1, XP_015185207.1	XP_029048625.1, XP_029048626.1, XP_029048627.1, XP_029048623.1, XP_029048622.1
OG0000310	XP_015178812.1, XP_015178815.1, XP_015178811.1	XP_029056622.1, XP_029056621.1, XP_029056620.1, XP_029056619.1
OG0000311	XP_015189996.1	XP_029054207.1
OG0000312	XP_015172100.1, XP_015172101.1	XP_029039443.1, XP_029039442.1
OG0000313	XP_015186194.1	XP_029044195.1
OG0000314	XP_015173286.1	XP_029040843.1, XP_029040844.1
OG0000314	XP_015174831.1, XP_015174832.1	XP_029040842.1
OG0000315	XP_015181547.1	XP_029050380.1
OG0000316	XP_015188891.1	XP_029052013.1
OG0000316	XP_015185171.1	XP_029037315.1
OG0000317	XP_015174046.1	XP_029038559.1, XP_029038556.1, XP_029038557.1, XP_029038558.1
OG0000318	XP_015181576.1	XP_029045169.1
OG0000319	XP_015177103.1, XP_015177105.1, XP_015177107.1, XP_015177104.1	XP_029049730.1
OG0000320	XP_015190093.1	XP_029043380.1
OG0000321	XP_015180736.1, XP_015180737.1, XP_015180734.1, XP_015180735.1, XP_015180740.1, XP_015180739.1, XP_015180738.1	XP_029032312.1, XP_029032313.1
OG0000322	XP_015180479.1	XP_029045710.1, XP_029050313.1, XP_029040429.1
OG0000322	XP_015177862.1, XP_015177861.1	XP_029035236.1
OG0000323	XP_015190020.1, XP_015190019.1	XP_029037477.1, XP_029037478.1, XP_029037481.1, XP_029037479.1, XP_029037480.1
OG0000324	XP_015191559.1	XP_029032343.1, XP_029032272.1
OG0000325	XP_015182480.1	XP_029032468.1, XP_029032467.1
OG0000326	XP_015187782.1	XP_029036522.1, XP_029036513.1
OG0000327	XP_015171979.1	XP_029044880.1
OG0000327	XP_015171973.1	XP_029044872.1
OG0000329	XP_015182897.1, XP_015182898.1, XP_015182899.1, XP_015182900.1	XP_029045200.1
OG0000330	XP_015171434.1	XP_029044991.1, XP_029043396.1, XP_029044978.1
OG0000332	XP_015172020.1, XP_015172019.1, XP_015172018.1	XP_029039444.1, XP_029039445.1, XP_029039447.1
OG0000333	XP_015171023.1	XP_029035562.1
OG0000333	XP_015171557.1	XP_029048672.1
OG0000334	XP_015182857.1, XP_015182847.1, XP_015182876.1, XP_015182866.1, XP_015182885.1	XP_029040536.1
OG0000335	XP_015180888.1, XP_015180897.1	XP_029049760.1, XP_029049770.1, XP_029049752.1, XP_029049777.1
OG0000336	XP_015191296.1, XP_015191294.1, XP_015191295.1	XP_029050296.1
OG0000336	XP_015176027.1	XP_029053215.1
OG0000337	XP_015172545.1	XP_029044048.1
OG0000338	XP_015175675.1	XP_029049651.1
OG0000338	XP_015184789.1	XP_029048723.1
OG0000339	XP_015182663.1	XP_029036574.1
OG0000339	XP_015185741.1	XP_029035057.1
OG0000340	XP_015184769.1	XP_029043213.1
OG0000341	XP_015185152.1, XP_015185154.1, XP_015185153.1	XP_029047897.1
OG0000342	XP_015178419.1	XP_029049079.1, XP_029049078.1, XP_029049080.1, XP_029049076.1
OG0000342	XP_015186344.1, XP_015186343.1	XP_029048895.1
OG0000343	XP_015190431.1	XP_029055935.1, XP_029055937.1, XP_029055936.1
OG0000344	XP_015185092.1, XP_015185090.1, XP_015185091.1	XP_029040724.1
OG0000345	XP_015174394.1	XP_029046179.1, XP_029046178.1, XP_029046181.1, XP_029046182.1
OG0000347	XP_015184796.1	XP_029056512.1, XP_029056513.1, XP_029056509.1, XP_029056510.1, XP_029056511.1
OG0000349	XP_015187454.1, XP_015187451.1, XP_015187456.1, XP_015187457.1, XP_015187458.1, XP_015187459.1, XP_015187452.1, XP_015187453.1, XP_015187455.1	XP_029045227.1, XP_029045228.1
OG0000350	XP_015175799.1	XP_029035510.1, XP_029035506.1, XP_029035507.1, XP_029035508.1, XP_029035509.1
OG0000351	XP_015174757.1, XP_015174756.1	XP_029032992.1, XP_029032991.1, XP_029032993.1
OG0000352	XP_015181417.1, XP_015181418.1	XP_029054732.1, XP_029054729.1
OG0000356	XP_015182720.1	XP_029038604.1
OG0000357	XP_015188589.1, XP_015188587.1	XP_029043524.1, XP_029043523.1, XP_029043522.1, XP_029043520.1, XP_029043525.1, XP_029043526.1
OG0000358	XP_015171782.1, XP_015171781.1	XP_029055341.1, XP_029055342.1, XP_029055343.1, XP_029055344.1
OG0000360	XP_015176956.1, XP_015176958.1, XP_015176954.1, XP_015176957.1, XP_015176955.1	XP_029034706.1
OG0000361	XP_015184937.1	XP_029040875.1
OG0000362	XP_015173895.1	XP_029032609.1
OG0000362	XP_015173885.1	XP_029032601.1, XP_029032600.1, XP_029032602.1, XP_029032603.1, XP_029032604.1
OG0000363	XP_015174614.1	XP_029051564.1
OG0000364	XP_015188098.1	XP_029048237.1
OG0000365	XP_015179288.1	XP_029049426.1, XP_029049425.1, XP_029049423.1, XP_029049424.1
OG0000366	XP_015184138.1	XP_029036848.1
OG0000367	XP_015182782.1, XP_015182806.1, XP_015182797.1, XP_015182814.1, XP_015182789.1, XP_015182824.1, XP_015182836.1	XP_029040540.1, XP_029040539.1, XP_029040537.1, XP_029040541.1
OG0000368	XP_015183589.1	XP_029043022.1
OG0000368	XP_015172806.1, XP_015172805.1	XP_029042037.1
OG0000369	XP_015181056.1	XP_029040906.1, XP_029040905.1
OG0000369	XP_015171819.1, XP_015171821.1	XP_029035224.1
OG0000370	XP_015172523.1	XP_029036217.1
OG0000370	XP_015172522.1	XP_029036273.1
OG0000371	XP_015174595.1	XP_029034789.1, XP_029034794.1, XP_029034788.1, XP_029034793.1, XP_029034792.1
OG0000372	XP_015174581.1	XP_029050137.1
OG0000372	XP_015181940.1	XP_029037026.1
OG0000375	XP_015184082.1	XP_029032555.1, XP_029032556.1, XP_029032551.1, XP_029032550.1, XP_029032553.1, XP_029032552.1, XP_029032554.1
OG0000377	XP_015176492.1	XP_029040734.1
OG0000377	XP_015171536.1	XP_029034326.1
OG0000378	XP_015191759.1	XP_029054852.1, XP_029055356.1
OG0000378	XP_015191815.1	XP_029038260.1
OG0000379	XP_015177176.1, XP_015177175.1	XP_029033796.1, XP_029033792.1
OG0000380	XP_015187034.1, XP_015187033.1, XP_015187032.1, XP_015187031.1	XP_029037950.1, XP_029037952.1
OG0000381	XP_015181537.1	XP_029053290.1
OG0000381	XP_015187133.1	XP_029056661.1
OG0000382	XP_015176221.1, XP_015176213.1	XP_029039628.1, XP_029039629.1, XP_029039627.1
OG0000382	XP_015181021.1	XP_029046829.1
OG0000383	XP_015189753.1, XP_015189965.1	XP_029037376.1, XP_029037375.1, XP_029050159.1
OG0000384	XP_015187803.1	XP_029032128.1, XP_029032123.1
OG0000384	XP_015187798.1	XP_029032140.1
OG0000385	XP_015187297.1	XP_029049378.1
OG0000386	XP_015184894.1	XP_029056438.1
OG0000386	XP_015184893.1	XP_029056437.1
OG0000387	XP_015181663.1	XP_029033287.1
OG0000388	XP_015182150.1	XP_029047149.1
OG0000388	XP_015172563.1	XP_029044053.1
OG0000389	XP_015187563.1, XP_015187565.1	XP_029051988.1, XP_029037895.1
OG0000391	XP_015183972.1	XP_029043249.1, XP_029043246.1, XP_029043247.1, XP_029043244.1, XP_029043245.1, XP_029043250.1, XP_029043248.1
OG0000392	XP_015189770.1	XP_029054016.1
OG0000394	XP_015185400.1	XP_029051207.1, XP_029051206.1
OG0000395	XP_015185269.1	XP_029041446.1, XP_029041452.1, XP_029041451.1, XP_029041449.1, XP_029041447.1, XP_029041448.1
OG0000395	XP_015177347.1, XP_015177346.1, XP_015177348.1	XP_029050227.1
OG0000396	XP_015187490.1	XP_029053559.1, XP_029044293.1
OG0000397	XP_015177509.1	XP_029053422.1, XP_029053423.1, XP_029053421.1, XP_029053420.1, XP_029053419.1, XP_029053417.1, XP_029053424.1, XP_029053425.1
OG0000398	XP_015187922.1	XP_029040473.1, XP_029040469.1, XP_029040470.1, XP_029040468.1, XP_029040471.1
OG0000399	XP_015182944.1, XP_015182929.1, XP_015182934.1, XP_015182937.1	XP_029051263.1, XP_029051260.1
OG0000400	XP_015182549.1	XP_029047557.1
OG0000401	XP_015182165.1	XP_029055758.1, XP_029055757.1, XP_029055762.1, XP_029055761.1, XP_029055759.1
OG0000402	XP_015177188.1	XP_029035694.1
OG0000403	XP_015178385.1, XP_015178387.1, XP_015178377.1	XP_029034027.1, XP_029034020.1, XP_029034022.1
OG0000405	XP_015186119.1	XP_029040022.1, XP_029040023.1
OG0000405	XP_015174613.1	XP_029050577.1
OG0000406	XP_015173272.1, XP_015173290.1	XP_029055567.1
OG0000407	XP_015191347.1	XP_029043685.1
OG0000407	XP_015191346.1, XP_015191345.1	XP_029043684.1
OG0000408	XP_015178819.1	XP_029052495.1
OG0000408	XP_015191524.1	XP_029032254.1
OG0000409	XP_015174711.1	XP_029052807.1
OG0000410	XP_015184965.1	XP_029036046.1
OG0000410	XP_015175254.1	XP_029034621.1, XP_029034617.1
OG0000411	XP_015183849.1	XP_029035220.1
OG0000411	XP_015189262.1	XP_029055622.1
OG0000412	XP_015191503.1	XP_029041797.1, XP_029041796.1
OG0000413	XP_015191329.1, XP_015191331.1, XP_015191330.1	XP_029038086.1
OG0000414	XP_015178993.1	XP_029053181.1
OG0000414	XP_015178987.1, XP_015178791.1	XP_029053178.1
OG0000415	XP_015174243.1	XP_029034205.1, XP_029034224.1, XP_029034214.1, XP_029034233.1
OG0000416	XP_015172129.1	XP_029050280.1
OG0000417	XP_015175825.1, XP_015175859.1	XP_029046684.1, XP_029046681.1
OG0000418	XP_015175385.1	XP_029053844.1
OG0000419	XP_015177458.1, XP_015177457.1	XP_029038504.1, XP_029038503.1
OG0000420	XP_015181420.1	XP_029054713.1
OG0000421	XP_015180338.1	XP_029045207.1, XP_029045205.1, XP_029045209.1, XP_029045208.1, XP_029045206.1
OG0000423	XP_015173683.1	XP_029042969.1, XP_029042970.1, XP_029042968.1
OG0000424	XP_015173437.1	XP_029051825.1
OG0000424	XP_015173446.1	XP_029051827.1
OG0000425	XP_015171046.1, XP_015171045.1, XP_015171044.1, XP_015171049.1, XP_015171050.1	XP_029050552.1, XP_029050554.1, XP_029050553.1
OG0000426	XP_015178943.1, XP_015178944.1, XP_015178945.1	XP_029051625.1, XP_029051626.1, XP_029051627.1, XP_029051628.1, XP_029051629.1, XP_029051630.1, XP_029051631.1
OG0000427	XP_015175837.1	XP_029033739.1, XP_029050501.1
OG0000427	XP_015179186.1	XP_029043845.1
OG0000428	XP_015186351.1	XP_029035040.1
OG0000429	XP_015182920.1	XP_029042878.1
OG0000430	XP_015189386.1, XP_015189389.1, XP_015189214.1, XP_015189213.1	XP_029048756.1, XP_029037852.1
OG0000431	XP_015171179.1, XP_015171182.1	XP_029034929.1
OG0000432	XP_015190207.1	XP_029044224.1, XP_029044225.1, XP_029044227.1, XP_029044228.1
OG0000433	XP_015184278.1, XP_015184277.1	XP_029033674.1, XP_029033660.1
OG0000436	XP_015182179.1	XP_029047130.1
OG0000437	XP_015176927.1	XP_029034616.1, XP_029034615.1
OG0000438	XP_015184824.1	XP_029052561.1
OG0000439	XP_015190706.1, XP_015190707.1, XP_015190704.1, XP_015190705.1	XP_029055734.1
OG0000440	XP_015176418.1	XP_029033324.1
OG0000441	XP_015174801.1	XP_029044307.1, XP_029044308.1
OG0000442	XP_015178722.1, XP_015178721.1	XP_029032945.1, XP_029032946.1, XP_029032947.1
OG0000443	XP_015178167.1	XP_029032458.1, XP_029032459.1
OG0000444	XP_015177117.1, XP_015177118.1, XP_015177116.1	XP_029049724.1, XP_029049723.1, XP_029049722.1
OG0000445	XP_015179205.1	XP_029052017.1
OG0000445	XP_015179206.1	XP_029052019.1
OG0000446	XP_015184677.1, XP_015184674.1, XP_015184676.1, XP_015184675.1, XP_015184678.1	XP_029047028.1
OG0000447	XP_015183158.1, XP_015183157.1, XP_015183156.1	XP_029044272.1, XP_029044277.1
OG0000448	XP_015182614.1, XP_015182606.1, XP_015182597.1	XP_029036628.1
OG0000449	XP_015183775.1, XP_015183773.1	XP_029053399.1, XP_029053400.1, XP_029053397.1, XP_029053398.1
OG0000450	XP_015171123.1	XP_029040635.1, XP_029040640.1
OG0000451	XP_015172179.1	XP_029041017.1
OG0000452	XP_015183772.1	XP_029049758.1
OG0000452	XP_015175979.1	XP_029054030.1, XP_029054029.1, XP_029054028.1
OG0000453	XP_015172208.1, XP_015172207.1	XP_029050616.1
OG0000454	XP_015175549.1	XP_029056127.1, XP_029056126.1, XP_029056137.1, XP_029056136.1, XP_029056129.1, XP_029056128.1, XP_029056130.1, XP_029056133.1, XP_029056132.1, XP_029056135.1
OG0000455	XP_015177184.1	XP_029036323.1, XP_029036319.1, XP_029036321.1, XP_029036324.1, XP_029036322.1
OG0000456	XP_015186589.1, XP_015186587.1, XP_015186591.1, XP_015186590.1	XP_029032315.1, XP_029032318.1, XP_029032319.1, XP_029032317.1, XP_029032316.1, XP_029032314.1
OG0000457	XP_015182902.1	XP_029045192.1
OG0000458	XP_015175800.1	XP_029051946.1
OG0000459	XP_015191361.1, XP_015191365.1, XP_015191363.1, XP_015191364.1, XP_015191360.1	XP_029033471.1
OG0000460	XP_015181394.1	XP_029037984.1
OG0000461	XP_015176525.1, XP_015176524.1, XP_015176522.1, XP_015176523.1, XP_015176526.1	XP_029036118.1, XP_029036117.1, XP_029036116.1
OG0000462	XP_015178560.1, XP_015178559.1	XP_029045767.1, XP_029045768.1, XP_029045771.1, XP_029045769.1, XP_029045770.1, XP_029045765.1, XP_029045764.1, XP_029045763.1, XP_029045759.1, XP_029045761.1, XP_029045760.1, XP_029045766.1
OG0000463	XP_015177816.1	XP_029050891.1
OG0000464	XP_015171757.1	XP_029035768.1
OG0000464	XP_015190554.1, XP_015190767.1	XP_029035743.1
OG0000465	XP_015173894.1, XP_015177167.1	XP_029033042.1
OG0000466	XP_015186604.1	XP_029053155.1, XP_029053153.1
OG0000467	XP_015188253.1, XP_015188252.1, XP_015188251.1, XP_015188257.1, XP_015188256.1, XP_015188255.1, XP_015188254.1	XP_029046488.1
OG0000468	XP_015187171.1, XP_015187167.1	XP_029034757.1
OG0000469	XP_015171607.1	XP_029048121.1, XP_029048127.1, XP_029048113.1
OG0000470	XP_015173543.1, XP_015173542.1, XP_015173541.1, XP_015173540.1, XP_015173545.1, XP_015173544.1	XP_029048818.1
OG0000471	XP_015185649.1, XP_015185648.1, XP_015185647.1	XP_029047912.1, XP_029047914.1, XP_029047913.1
OG0000472	XP_015185084.1	XP_029055117.1, XP_029055137.1, XP_029055133.1, XP_029055157.1, XP_029055152.1, XP_029055122.1, XP_029055149.1, XP_029055160.1, XP_029055144.1, XP_029055165.1, XP_029055140.1, XP_029055127.1, XP_029055128.1
OG0000474	XP_015180603.1, XP_015180594.1	XP_029040750.1, XP_029040754.1, XP_029040752.1, XP_029040753.1, XP_029040751.1
OG0000475	XP_015181248.1	XP_029053248.1
OG0000476	XP_015173211.1	XP_029046841.1
OG0000477	XP_015171953.1	XP_029046451.1
OG0000477	XP_015190123.1	XP_029052005.1
OG0000478	XP_015182315.1	XP_029055612.1
OG0000479	XP_015182767.1	XP_029042740.1
OG0000480	XP_015182359.1	XP_029042187.1
OG0000483	XP_015184934.1, XP_015184933.1	XP_029033968.1
OG0000484	XP_015173280.1, XP_015173278.1	XP_029049298.1, XP_029049297.1, XP_029049293.1, XP_029049296.1, XP_029049295.1
OG0000485	XP_015177478.1	XP_029053428.1
OG0000487	XP_015188388.1	XP_029036394.1
OG0000487	XP_015188389.1, XP_015188390.1	XP_029036397.1, XP_029036396.1, XP_029036395.1
OG0000488	XP_015190452.1, XP_015190451.1	XP_029041089.1, XP_029041086.1, XP_029041087.1, XP_029041084.1, XP_029041083.1, XP_029041088.1
OG0000489	XP_015175904.1, XP_015175906.1, XP_015175905.1, XP_015175903.1, XP_015175902.1	XP_029050496.1
OG0000490	XP_015178097.1	XP_029048942.1, XP_029048941.1, XP_029048940.1
OG0000492	XP_015188688.1	XP_029032879.1, XP_029032880.1, XP_029032881.1, XP_029032882.1
OG0000493	XP_015177031.1, XP_015177042.1	XP_029033459.1, XP_029033458.1, XP_029033457.1, XP_029033613.1, XP_029033615.1, XP_029033614.1, XP_029033460.1
OG0000495	XP_015182063.1	XP_029055333.1
OG0000496	XP_015186575.1	XP_029055363.1, XP_029055361.1, XP_029055362.1, XP_029055359.1, XP_029055360.1, XP_029055358.1
OG0000497	XP_015190639.1, XP_015190640.1	XP_029045567.1
OG0000497	XP_015186732.1	XP_029055715.1
OG0000498	XP_015175025.1, XP_015175023.1, XP_015175024.1	XP_029051523.1, XP_029051524.1, XP_029051526.1, XP_029051522.1, XP_029051527.1
OG0000500	XP_015191578.1	XP_029038655.1
OG0000500	XP_015191564.1	XP_029038661.1
OG0000501	XP_015181826.1	XP_029041949.1
OG0000502	XP_015177168.1	XP_029047606.1, XP_029047604.1, XP_029047605.1
OG0000502	XP_015177169.1	XP_029047603.1
OG0000503	XP_015191090.1, XP_015191088.1, XP_015191087.1	XP_029053226.1, XP_029053225.1, XP_029053228.1, XP_029053227.1
OG0000505	XP_015191833.1	XP_029039221.1
OG0000505	XP_015191857.1	XP_029039263.1
OG0000506	XP_015190400.1	XP_029055931.1, XP_029055932.1
OG0000506	XP_015175789.1, XP_015175788.1, XP_015175791.1, XP_015175790.1, XP_015175793.1	XP_029036233.1, XP_029036232.1
OG0000507	XP_015171471.1	XP_029037767.1
OG0000508	XP_015183031.1	XP_029036311.1
OG0000509	XP_015187013.1	XP_029042576.1
OG0000510	XP_015179474.1	XP_029056456.1, XP_029056453.1, XP_029056455.1, XP_029056454.1
OG0000512	XP_015175595.1	XP_029051655.1
OG0000513	XP_015175840.1	XP_029050495.1
OG0000514	XP_015177519.1, XP_015177520.1	XP_029040362.1, XP_029040361.1, XP_029054598.1, XP_029054299.1, XP_029050131.1
OG0000516	XP_015190498.1	XP_029034280.1, XP_029034281.1
OG0000517	XP_015189099.1	XP_029043370.1, XP_029043382.1
OG0000518	XP_015179647.1, XP_015179648.1, XP_015179649.1	XP_029039078.1, XP_029039079.1, XP_029039077.1, XP_029039081.1
OG0000519	XP_015185214.1	XP_029046935.1, XP_029046937.1, XP_029046934.1, XP_029046936.1
OG0000520	XP_015175185.1	XP_029055335.1
OG0000522	XP_015178697.1	XP_029056348.1
OG0000523	XP_015182265.1, XP_015182279.1, XP_015182347.1	XP_029048809.1, XP_029048806.1
OG0000525	XP_015184198.1, XP_015184199.1, XP_015184200.1, XP_015184201.1, XP_015184202.1	XP_029050725.1, XP_029050724.1
OG0000526	XP_015190607.1	XP_029046376.1
OG0000526	XP_015191120.1	XP_029047305.1, XP_029047304.1
OG0000527	XP_015171348.1	XP_029045030.1, XP_029045028.1
OG0000528	XP_015173596.1	XP_029034626.1
OG0000529	XP_015180779.1	XP_029053482.1
OG0000529	XP_015174000.1	XP_029047249.1
OG0000530	XP_015172268.1	XP_029050661.1
OG0000530	XP_015172277.1	XP_029050663.1
OG0000531	XP_015171584.1	XP_029055499.1
OG0000533	XP_015187513.1, XP_015187512.1	XP_029055535.1, XP_029055534.1
OG0000534	XP_015189981.1, XP_015189924.1	XP_029053742.1, XP_029054648.1
OG0000536	XP_015188262.1	XP_029056676.1
OG0000538	XP_015191382.1	XP_029048579.1
OG0000540	XP_015188027.1	XP_029045790.1
OG0000541	XP_015184399.1, XP_015184400.1, XP_015184401.1, XP_015184397.1	XP_029051706.1, XP_029051705.1
OG0000542	XP_015173526.1, XP_015173523.1, XP_015173522.1, XP_015173525.1, XP_015173524.1, XP_015173519.1, XP_015173521.1, XP_015173520.1, XP_015173529.1, XP_015173527.1	XP_029033199.1
OG0000543	XP_015176987.1	XP_029032187.1, XP_029032186.1, XP_029032185.1, XP_029032188.1
OG0000544	XP_015184916.1	XP_029045802.1
OG0000545	XP_015190238.1	XP_029044150.1
OG0000546	XP_015182760.1	XP_029037841.1
OG0000547	XP_015181073.1	XP_029032557.1
OG0000548	XP_015179381.1	XP_029039468.1
OG0000549	XP_015189695.1, XP_015189694.1, XP_015185177.1, XP_015182055.1	XP_029041385.1
OG0000550	XP_015171822.1	XP_029035228.1
OG0000551	XP_015183166.1	XP_029047255.1
OG0000552	XP_015187785.1	XP_029034239.1
OG0000552	XP_015180360.1	XP_029038127.1
OG0000553	XP_015171078.1, XP_015171077.1	XP_029046340.1, XP_029046341.1
OG0000554	XP_015177001.1	XP_029051069.1
OG0000554	XP_015175654.1, XP_015175655.1	XP_029036958.1
OG0000555	XP_015178311.1	XP_029040006.1
OG0000555	XP_015178478.1	XP_029040010.1
OG0000556	XP_015186802.1	XP_029036612.1, XP_029036611.1, XP_029036613.1
OG0000557	XP_015175082.1, XP_015175084.1	XP_029039195.1
OG0000558	XP_015179999.1	XP_029045537.1
OG0000558	XP_015188663.1	XP_029051476.1
OG0000559	XP_015179651.1, XP_015179617.1, XP_015179643.1, XP_015179626.1, XP_015179633.1	XP_029050738.1
OG0000560	XP_015179179.1, XP_015179183.1, XP_015179178.1, XP_015179180.1, XP_015179181.1, XP_015179184.1	XP_029039489.1, XP_029039488.1
OG0000561	XP_015174740.1	XP_029045120.1
OG0000562	XP_015186797.1	XP_029040662.1, XP_029040661.1
OG0000563	XP_015181608.1, XP_015181602.1	XP_029048255.1
OG0000565	XP_015183282.1	XP_029034297.1
OG0000567	XP_015191148.1	XP_029037465.1
OG0000567	XP_015190709.1	XP_029033971.1
OG0000568	XP_015171473.1, XP_015171472.1, XP_015171474.1	XP_029046837.1, XP_029046836.1, XP_029046838.1
OG0000569	XP_015191638.1	XP_029038511.1
OG0000572	XP_015171168.1, XP_015171161.1	XP_029042579.1, XP_029042581.1, XP_029042578.1
OG0000573	XP_015181562.1	XP_029049567.1
OG0000574	XP_015180242.1, XP_015180241.1	XP_029044230.1, XP_029044229.1
OG0000574	XP_015182202.1	XP_029044181.1
OG0000575	XP_015182669.1, XP_015182785.1	XP_029037637.1
OG0000575	XP_015182670.1	XP_029038506.1
OG0000576	XP_015177938.1, XP_015177939.1, XP_015177937.1	XP_029049029.1
OG0000577	XP_015178332.1, XP_015178330.1, XP_015178331.1, XP_015178333.1	XP_029041526.1
OG0000578	XP_015187313.1, XP_015187307.1, XP_015187306.1, XP_015187309.1, XP_015187308.1, XP_015187310.1	XP_029045846.1, XP_029045847.1, XP_029045850.1, XP_029045851.1, XP_029045848.1, XP_029045849.1, XP_029045855.1, XP_029045854.1, XP_029045856.1, XP_029045852.1
OG0000579	XP_015172231.1, XP_015172238.1, XP_015172236.1, XP_015172237.1, XP_015172234.1, XP_015172233.1, XP_015172235.1	XP_029048496.1, XP_029048497.1, XP_029048495.1, XP_029048498.1, XP_029048494.1
OG0000582	XP_015188411.1, XP_015188412.1	XP_029042817.1
OG0000583	XP_015173429.1	XP_029041877.1
OG0000584	XP_015181615.1	XP_029049369.1
OG0000584	XP_015183361.1	XP_029034125.1
OG0000585	XP_015174406.1	XP_029034668.1
OG0000585	XP_015191542.1	XP_029047509.1
OG0000586	XP_015186252.1	XP_029033786.1, XP_029033787.1
OG0000586	XP_015179858.1	XP_029033885.1
OG0000587	XP_015186935.1, XP_015186936.1, XP_015186934.1, XP_015186938.1	XP_029042599.1, XP_029042600.1, XP_029042598.1
OG0000588	XP_015183027.1, XP_015183026.1	XP_029056195.1, XP_029056190.1, XP_029056189.1, XP_029056194.1
OG0000589	XP_015184062.1	XP_029051595.1
OG0000591	XP_015188885.1	XP_029046641.1
OG0000592	XP_015184903.1	XP_029049346.1
OG0000593	XP_015178586.1	XP_029039789.1
OG0000594	XP_015174738.1	XP_029045111.1
OG0000595	XP_015174684.1	XP_029049332.1
OG0000595	XP_015183505.1	XP_029049333.1
OG0000596	XP_015182406.1	XP_029055928.1
OG0000598	XP_015186100.1	XP_029044196.1
OG0000599	XP_015188527.1, XP_015188534.1	XP_029042528.1
OG0000600	XP_015183407.1	XP_029040421.1
OG0000601	XP_015173235.1	XP_029049997.1
OG0000601	XP_015173236.1	XP_029049996.1
OG0000602	XP_015179779.1	XP_029045254.1
OG0000602	XP_015171451.1	XP_029055486.1
OG0000603	XP_015181038.1, XP_015181037.1	XP_029044408.1, XP_029044409.1
OG0000604	XP_015184462.1	XP_029053352.1
OG0000604	XP_015184463.1	XP_029053353.1
OG0000606	XP_015175575.1, XP_015175573.1, XP_015175574.1, XP_015175571.1, XP_015175572.1	XP_029047428.1, XP_029047419.1
OG0000607	XP_015191727.1, XP_015191728.1, XP_015191729.1, XP_015191726.1	XP_029051859.1, XP_029038442.1, XP_029038441.1
OG0000608	XP_015176743.1	XP_029047077.1, XP_029047078.1, XP_029054677.1
OG0000609	XP_015189358.1	XP_029043920.1, XP_029043923.1, XP_029043921.1, XP_029043924.1
OG0000610	XP_015188448.1	XP_029054880.1, XP_029053848.1, XP_029054710.1, XP_029054187.1, XP_029053903.1, XP_029054301.1, XP_029055134.1, XP_029054066.1, XP_029054106.1
OG0000610	XP_015189767.1, XP_015189955.1, XP_015172151.1, XP_015188713.1	XP_029054929.1, XP_029054289.1, XP_029054136.1, XP_029055190.1, XP_029054162.1, XP_029054231.1, XP_029053854.1, XP_029053869.1, XP_029054245.1, XP_029054217.1, XP_029054151.1, XP_029054753.1, XP_029055161.1, XP_029054480.1, XP_029053858.1
OG0000611	XP_015181298.1, XP_015181297.1, XP_015181296.1	XP_029053264.1, XP_029053269.1, XP_029053265.1, XP_029053266.1, XP_029053267.1, XP_029053263.1, XP_029053270.1
OG0000612	XP_015179263.1	XP_029043116.1, XP_029043117.1, XP_029043115.1
OG0000613	XP_015188507.1	XP_029050917.1
OG0000613	XP_015183019.1	XP_029047206.1
OG0000614	XP_015187538.1	XP_029037786.1
OG0000614	XP_015174915.1	XP_029047735.1
OG0000615	XP_015181651.1, XP_015181650.1, XP_015181654.1, XP_015181653.1, XP_015181652.1, XP_015181649.1	XP_029053196.1, XP_029053197.1, XP_029053198.1, XP_029053200.1
OG0000616	XP_015184088.1, XP_015184091.1	XP_029055032.1, XP_029055027.1, XP_029055011.1, XP_029055029.1
OG0000617	XP_015186988.1, XP_015186989.1, XP_015186987.1	XP_029034189.1, XP_029034187.1, XP_029034188.1, XP_029034190.1
OG0000617	XP_015186977.1	XP_029034182.1, XP_029034183.1
OG0000619	XP_015190413.1, XP_015190412.1, XP_015190415.1, XP_015190414.1	XP_029033210.1, XP_029033220.1
OG0000620	XP_015172097.1	XP_029037150.1, XP_029037152.1, XP_029037151.1
OG0000621	XP_015189145.1, XP_015189144.1, XP_015189143.1, XP_015189142.1	XP_029049820.1
OG0000622	XP_015184720.1	XP_029052783.1, XP_029052784.1
OG0000623	XP_015186678.1, XP_015186677.1, XP_015186679.1	XP_029045217.1, XP_029045218.1
OG0000624	XP_015183343.1, XP_015183349.1	XP_029051455.1, XP_029051464.1
OG0000625	XP_015186903.1, XP_015186904.1, XP_015186905.1	XP_029040101.1
OG0000626	XP_015183650.1, XP_015183649.1, XP_015183645.1, XP_015183646.1, XP_015183647.1, XP_015183648.1	XP_029041703.1, XP_029041706.1, XP_029041704.1, XP_029041705.1
OG0000627	XP_015180643.1, XP_015180644.1	XP_029042614.1
OG0000628	XP_015173970.1	XP_029044099.1
OG0000628	XP_015173969.1, XP_015173968.1	XP_029044110.1
OG0000629	XP_015177997.1	XP_029039623.1, XP_029039622.1, XP_029039624.1
OG0000630	XP_015190549.1	XP_029041390.1
OG0000631	XP_015177364.1	XP_029038434.1, XP_029038437.1, XP_029038436.1, XP_029038433.1, XP_029038435.1
OG0000632	XP_015172160.1, XP_015172161.1, XP_015172162.1	XP_029052102.1, XP_029052100.1, XP_029052101.1
OG0000633	XP_015183047.1, XP_015183046.1	XP_029037687.1, XP_029037686.1
OG0000633	XP_015186974.1	XP_029041518.1
OG0000634	XP_015185676.1	XP_029048142.1
OG0000634	XP_015185639.1	XP_029048149.1
OG0000635	XP_015184631.1	XP_029051070.1
OG0000635	XP_015181540.1	XP_029040166.1
OG0000636	XP_015178010.1	XP_029039620.1
OG0000637	XP_015173254.1	XP_029046120.1, XP_029045035.1, XP_029044601.1, XP_029044865.1, XP_029044950.1, XP_029046032.1, XP_029044781.1, XP_029046300.1, XP_029046384.1, XP_029046212.1, XP_029044690.1, XP_029045949.1
OG0000638	XP_015191322.1, XP_015191317.1	XP_029048354.1
OG0000639	XP_015187910.1, XP_015187909.1, XP_015187911.1	XP_029043677.1, XP_029043676.1
OG0000640	XP_015186374.1	XP_029047429.1, XP_029047426.1, XP_029047427.1
OG0000641	XP_015180654.1	XP_029043125.1
OG0000642	XP_015181404.1, XP_015181405.1	XP_029036196.1, XP_029036197.1, XP_029036195.1
OG0000643	XP_015173274.1	XP_029055528.1
OG0000643	XP_015173275.1	XP_029055540.1
OG0000644	XP_015188700.1, XP_015188699.1	XP_029055915.1, XP_029055916.1
OG0000645	XP_015188661.1, XP_015175009.1	XP_029043495.1
OG0000646	XP_015172229.1	XP_029048499.1
OG0000647	XP_015187418.1, XP_015187419.1	XP_029051042.1, XP_029051041.1, XP_029051040.1, XP_029051043.1
OG0000648	XP_015173778.1	XP_029041739.1
OG0000649	XP_015182725.1, XP_015182709.1, XP_015182700.1, XP_015182718.1, XP_015182691.1	XP_029040527.1, XP_029040529.1
OG0000650	XP_015177656.1	XP_029053486.1, XP_029053488.1, XP_029053489.1
OG0000651	XP_015186623.1	XP_029053860.1, XP_029053855.1
OG0000651	XP_015187789.1	XP_029032121.1
OG0000653	XP_015184478.1	XP_029048729.1
OG0000654	XP_015185844.1	XP_029037711.1
OG0000654	XP_015183230.1	XP_029038872.1
OG0000655	XP_015189604.1, XP_015189586.1, XP_015189599.1	XP_029034956.1, XP_029034955.1, XP_029034945.1, XP_029034943.1
OG0000656	XP_015175864.1	XP_029053185.1
OG0000657	XP_015183362.1	XP_029034127.1, XP_029034126.1
OG0000659	XP_015182064.1, XP_015182065.1	XP_029044779.1
OG0000660	XP_015180142.1	XP_029033887.1
OG0000661	XP_015179223.1	XP_029049533.1
OG0000662	XP_015181970.1	XP_029043566.1, XP_029043334.1
OG0000663	XP_015177064.1, XP_015177062.1, XP_015177068.1	XP_029049220.1
OG0000664	XP_015174258.1	XP_029038727.1
OG0000665	XP_015184641.1	XP_029039398.1
OG0000666	XP_015190545.1	XP_029041371.1
OG0000666	XP_015190567.1	XP_029041373.1, XP_029041386.1
OG0000667	XP_015188831.1	XP_029055180.1, XP_029055185.1
OG0000668	XP_015189393.1	XP_029035925.1, XP_029035926.1, XP_029035927.1, XP_029035924.1, XP_029035923.1
OG0000669	XP_015186031.1	XP_029051913.1, XP_029051914.1, XP_029051915.1, XP_029051911.1, XP_029051912.1
OG0000670	XP_015179260.1	XP_029043830.1
OG0000671	XP_015185728.1	XP_029035653.1, XP_029035652.1, XP_029035654.1
OG0000672	XP_015176566.1, XP_015176565.1	XP_029045302.1, XP_029045304.1, XP_029045301.1
OG0000672	XP_015176600.1	XP_029045300.1
OG0000673	XP_015189488.1, XP_015189486.1, XP_015189489.1	XP_029043090.1, XP_029043089.1, XP_029043088.1, XP_029043087.1, XP_029043085.1, XP_029043086.1, XP_029043084.1
OG0000674	XP_015175773.1	XP_029051938.1, XP_029051940.1, XP_029051939.1, XP_029051941.1
OG0000674	XP_015187094.1	XP_029051196.1
OG0000676	XP_015176516.1	XP_029052144.1, XP_029052143.1, XP_029052142.1
OG0000677	XP_015172889.1, XP_015172888.1, XP_015172884.1	XP_029042201.1
OG0000678	XP_015181338.1	XP_029038261.1, XP_029038252.1, XP_029038839.1, XP_029038825.1, XP_029038849.1
OG0000680	XP_015181835.1	XP_029044191.1, XP_029044190.1
OG0000681	XP_015177157.1	XP_029055084.1
OG0000681	XP_015179283.1	XP_029039721.1
OG0000682	XP_015176964.1	XP_029045555.1
OG0000683	XP_015178545.1	XP_029054032.1, XP_029054085.1, XP_029054092.1, XP_029054025.1
OG0000684	XP_015183369.1, XP_015183372.1	XP_029050261.1
OG0000685	XP_015186626.1	XP_029053450.1
OG0000685	XP_015178476.1	XP_029038113.1
OG0000686	XP_015186259.1	XP_029049915.1, XP_029049914.1
OG0000687	XP_015180013.1	XP_029047941.1
OG0000688	XP_015172768.1, XP_015172770.1, XP_015172769.1, XP_015172771.1	XP_029041789.1
OG0000689	XP_015173020.1	XP_029048662.1
OG0000690	XP_015185113.1	XP_029055524.1, XP_029055523.1
OG0000691	XP_015184030.1	XP_029046007.1, XP_029046006.1
OG0000692	XP_015175100.1, XP_015175099.1, XP_015175101.1, XP_015175098.1	XP_029044567.1, XP_029044564.1, XP_029044565.1, XP_029044566.1
OG0000693	XP_015186916.1, XP_015186887.1, XP_015186878.1, XP_015186870.1, XP_015186907.1, XP_015186897.1	XP_029040353.1
OG0000694	XP_015181364.1	XP_029046097.1
OG0000695	XP_015186274.1, XP_015186273.1	XP_029033770.1, XP_029033771.1
OG0000696	XP_015188314.1, XP_015188340.1, XP_015188347.1, XP_015188365.1, XP_015188355.1, XP_015188323.1, XP_015188332.1	XP_029040967.1
OG0000697	XP_015179314.1	XP_029034392.1
OG0000697	XP_015181407.1	XP_029036219.1
OG0000698	XP_015184506.1	XP_029036555.1, XP_029036556.1, XP_029036557.1
OG0000699	XP_015179117.1	XP_029037106.1
OG0000700	XP_015171713.1	XP_029035766.1
OG0000700	XP_015171452.1	XP_029035732.1
OG0000701	XP_015184656.1	XP_029047332.1
OG0000702	XP_015188404.1, XP_015189886.1, XP_015187669.1	XP_029053331.1
OG0000703	XP_015180074.1, XP_015180072.1, XP_015180071.1, XP_015180075.1	XP_029038646.1, XP_029038645.1
OG0000704	XP_015179716.1	XP_029039136.1
OG0000705	XP_015183007.1	XP_029044579.1, XP_029044422.1
OG0000706	XP_015186669.1	XP_029051637.1, XP_029051674.1
OG0000707	XP_015184241.1, XP_015184240.1	XP_029036053.1
OG0000708	XP_015179149.1	XP_029039483.1, XP_029039487.1, XP_029039484.1, XP_029039485.1, XP_029039486.1
OG0000709	XP_015185512.1, XP_015185514.1	XP_029050804.1, XP_029050801.1
OG0000710	XP_015190493.1	XP_029041179.1, XP_029041180.1, XP_029040038.1
OG0000711	XP_015175488.1	XP_029041955.1
OG0000712	XP_015184996.1, XP_015184992.1	XP_029051338.1
OG0000713	XP_015173455.1	XP_029041909.1
OG0000714	XP_015191354.1	XP_029046557.1
OG0000715	XP_015180973.1, XP_015180975.1	XP_029034744.1
OG0000715	XP_015180971.1	XP_029034742.1
OG0000716	XP_015185112.1	XP_029055641.1, XP_029055642.1
OG0000717	XP_015190318.1	XP_029048774.1
OG0000718	XP_015172333.1	XP_029051378.1, XP_029051382.1
OG0000719	XP_015184347.1, XP_015184348.1, XP_015184349.1, XP_015184351.1, XP_015184352.1, XP_015184350.1	XP_029039665.1
OG0000720	XP_015183286.1	XP_029050239.1
OG0000720	XP_015190628.1	XP_029039566.1
OG0000721	XP_015174375.1	XP_029037138.1
OG0000722	XP_015171285.1	XP_029052343.1, XP_029052341.1
OG0000723	XP_015180385.1, XP_015180374.1	XP_029052946.1
OG0000724	XP_015179218.1, XP_015179211.1, XP_015179216.1	XP_029041204.1, XP_029041210.1
OG0000726	XP_015176244.1	XP_029044541.1
OG0000727	XP_015188819.1, XP_015188820.1	XP_029033709.1, XP_029033710.1, XP_029033481.1, XP_029033482.1, XP_029033480.1, XP_029033483.1, XP_029033707.1
OG0000728	XP_015181373.1, XP_015183596.1, XP_015181385.1	XP_029051358.1
OG0000729	XP_015184372.1	XP_029050818.1
OG0000730	XP_015188769.1, XP_015188775.1	XP_029043981.1, XP_029044013.1
OG0000731	XP_015177761.1	XP_029044485.1
OG0000733	XP_015177532.1, XP_015177534.1, XP_015177533.1, XP_015177536.1, XP_015177535.1, XP_015177538.1	XP_029046901.1, XP_029046900.1, XP_029046899.1, XP_029046898.1
OG0000734	XP_015181061.1, XP_015181064.1, XP_015181063.1, XP_015181066.1, XP_015181065.1, XP_015181068.1, XP_015181067.1, XP_015181062.1, XP_015181059.1, XP_015181060.1	XP_029056104.1, XP_029056100.1, XP_029056111.1, XP_029056110.1, XP_029056109.1
OG0000736	XP_015172347.1	XP_029050709.1
OG0000737	XP_015176140.1, XP_015176143.1, XP_015176141.1	XP_029044849.1, XP_029044850.1
OG0000738	XP_015185037.1	XP_029042186.1
OG0000739	XP_015174351.1	XP_029054971.1, XP_029054972.1
OG0000740	XP_015186238.1, XP_015186254.1, XP_015186246.1	XP_029048761.1
OG0000741	XP_015187999.1	XP_029036898.1
OG0000742	XP_015178589.1	XP_029045647.1
OG0000743	XP_015185275.1, XP_015185274.1, XP_015185273.1	XP_029051933.1
OG0000744	XP_015179932.1	XP_029040310.1
OG0000745	XP_015179849.1, XP_015179852.1, XP_015179850.1	XP_029043259.1, XP_029043260.1
OG0000746	XP_015177864.1	XP_029035212.1, XP_029035213.1
OG0000747	XP_015189222.1, XP_015189230.1	XP_029037484.1
OG0000748	XP_015183127.1	XP_029046110.1, XP_029046091.1, XP_029046101.1
OG0000749	XP_015180980.1	XP_029034745.1
OG0000750	XP_015185680.1	XP_029049058.1, XP_029049055.1, XP_029049056.1, XP_029049057.1
OG0000751	XP_015186057.1	XP_029036250.1
OG0000751	XP_015176176.1	XP_029033906.1
OG0000752	XP_015179724.1, XP_015179727.1, XP_015179726.1, XP_015179723.1, XP_015179728.1, XP_015179725.1	XP_029039135.1
OG0000753	XP_015176325.1	XP_029044383.1, XP_029044382.1
OG0000754	XP_015177253.1	XP_029039515.1
OG0000755	XP_015191582.1	XP_029051860.1, XP_029051861.1, XP_029051863.1
OG0000756	XP_015182790.1	XP_029055378.1
OG0000756	XP_015182788.1	XP_029055377.1
OG0000757	XP_015181657.1	XP_029054481.1
OG0000758	XP_015178144.1	XP_029040597.1
OG0000758	XP_015174833.1	XP_029041032.1
OG0000759	XP_015177931.1	XP_029052225.1, XP_029052224.1, XP_029052223.1, XP_029052221.1
OG0000760	XP_015178058.1	XP_029044834.1, XP_029044835.1, XP_029044833.1
OG0000761	XP_015191843.1	XP_029051596.1
OG0000762	XP_015183904.1, XP_015183902.1, XP_015183903.1, XP_015183901.1	XP_029047045.1
OG0000764	XP_015175586.1	XP_029041333.1, XP_029041332.1
OG0000765	XP_015176727.1	XP_029037335.1, XP_029037336.1
OG0000766	XP_015173730.1, XP_015173731.1	XP_029046086.1, XP_029046087.1, XP_029046088.1, XP_029046085.1
OG0000767	XP_015190178.1, XP_015190180.1	XP_029039436.1, XP_029039454.1, XP_029039446.1
OG0000768	XP_015186865.1, XP_015186866.1	XP_029049673.1, XP_029049672.1, XP_029049675.1, XP_029049674.1
OG0000769	XP_015179961.1, XP_015179960.1	XP_029032426.1, XP_029032425.1, XP_029032424.1
OG0000770	XP_015191816.1	XP_029039259.1, XP_029039261.1, XP_029039257.1, XP_029039262.1, XP_029039260.1
OG0000771	XP_015175532.1	XP_029054309.1, XP_029054310.1
OG0000772	XP_015176089.1, XP_015176092.1	XP_029040816.1, XP_029040815.1, XP_029040818.1, XP_029040817.1
OG0000773	XP_015177905.1	XP_029042442.1, XP_029042441.1, XP_029042440.1
OG0000774	XP_015191157.1	XP_029039669.1
OG0000775	XP_015189462.1, XP_015189456.1	XP_029037416.1, XP_029037413.1
OG0000776	XP_015184371.1, XP_015184370.1	XP_029034048.1, XP_029034050.1, XP_029034049.1
OG0000777	XP_015191081.1, XP_015191082.1, XP_015191083.1, XP_015191075.1, XP_015191076.1, XP_015191077.1, XP_015191078.1, XP_015191084.1, XP_015191085.1, XP_015191080.1	XP_029045416.1
OG0000778	XP_015181118.1, XP_015181119.1	XP_029055404.1, XP_029055405.1, XP_029055406.1, XP_029055407.1
OG0000779	XP_015188486.1	XP_029037745.1
OG0000780	XP_015188571.1	XP_029048996.1, XP_029048995.1
OG0000781	XP_015177398.1	XP_029032935.1, XP_029032936.1
OG0000782	XP_015189387.1	XP_029052926.1
OG0000783	XP_015171665.1	XP_029052180.1
OG0000784	XP_015188545.1	XP_029042530.1
OG0000785	XP_015191733.1	XP_029038453.1
OG0000786	XP_015174812.1, XP_015174813.1, XP_015174814.1, XP_015174815.1, XP_015174816.1, XP_015174817.1	XP_029042324.1
OG0000787	XP_015183229.1, XP_015183228.1	XP_029038869.1, XP_029038866.1, XP_029038868.1, XP_029038867.1
OG0000789	XP_015175543.1, XP_015175544.1, XP_015175545.1, XP_015175546.1	XP_029043730.1, XP_029043728.1, XP_029043726.1, XP_029043727.1, XP_029043731.1
OG0000790	XP_015180977.1	XP_029034750.1, XP_029034749.1
OG0000791	XP_015175347.1, XP_015175344.1, XP_015175345.1	XP_029051030.1, XP_029051031.1, XP_029051032.1, XP_029051029.1
OG0000795	XP_015182090.1	XP_029032577.1, XP_029032576.1
OG0000796	XP_015172763.1	XP_029044370.1
OG0000796	XP_015184689.1	XP_029035996.1
OG0000797	XP_015183656.1	XP_029050797.1
OG0000798	XP_015191261.1	XP_029043504.1, XP_029043503.1
OG0000799	XP_015180676.1	XP_029041378.1, XP_029041376.1
OG0000800	XP_015171144.1, XP_015171145.1	XP_029032790.1, XP_029032789.1
OG0000801	XP_015182371.1	XP_029053165.1
OG0000801	XP_015174497.1	XP_029035910.1
OG0000802	XP_015174781.1	XP_029039753.1, XP_029039754.1, XP_029039755.1, XP_029039756.1
OG0000803	XP_015177675.1, XP_015177672.1, XP_015177673.1, XP_015177674.1	XP_029054275.1
OG0000804	XP_015177827.1	XP_029041174.1
OG0000805	XP_015182111.1	XP_029040208.1
OG0000805	XP_015191705.1	XP_029046982.1, XP_029046983.1
OG0000806	XP_015180020.1, XP_015180026.1, XP_015180025.1, XP_015180024.1, XP_015180023.1, XP_015180022.1	XP_029047953.1
OG0000807	XP_015185915.1	XP_029043270.1, XP_029043271.1
OG0000808	XP_015174339.1	XP_029040465.1
OG0000808	XP_015174340.1	XP_029040464.1
OG0000809	XP_015190648.1, XP_015190653.1	XP_029042846.1, XP_029042841.1
OG0000810	XP_015175370.1	XP_029034570.1
OG0000811	XP_015175059.1, XP_015175058.1	XP_029053160.1, XP_029053159.1, XP_029053158.1
OG0000812	XP_015177868.1, XP_015177866.1	XP_029055439.1
OG0000812	XP_015191437.1	XP_029032874.1
OG0000813	XP_015185493.1	XP_029049847.1, XP_029049846.1
OG0000814	XP_015177459.1	XP_029038499.1
OG0000815	XP_015190690.1, XP_015190692.1	XP_029034070.1, XP_029034071.1
OG0000816	XP_015178477.1	XP_029040002.1
OG0000817	XP_015172113.1	XP_029038601.1
OG0000818	XP_015171841.1	XP_029050066.1, XP_029050068.1, XP_029050069.1, XP_029050067.1
OG0000819	XP_015177455.1	XP_029034836.1
OG0000819	XP_015177452.1	XP_029034833.1
OG0000820	XP_015173350.1	XP_029053604.1, XP_029053594.1, XP_029053725.1
OG0000821	XP_015187205.1	XP_029039781.1, XP_029039783.1, XP_029039780.1
OG0000822	XP_015189041.1, XP_015189039.1, XP_015189042.1	XP_029048472.1, XP_029048469.1
OG0000823	XP_015184871.1, XP_015184870.1, XP_015184873.1, XP_015184872.1	XP_029040963.1, XP_029040964.1, XP_029040962.1
OG0000824	XP_015191755.1, XP_015191754.1	XP_029051500.1
OG0000824	XP_015180593.1	XP_029039917.1
OG0000825	XP_015187740.1	XP_029041485.1
OG0000826	XP_015187846.1, XP_015187847.1	XP_029045535.1, XP_029045534.1
OG0000827	XP_015190880.1	XP_029051427.1, XP_029051428.1
OG0000829	XP_015174247.1	XP_029041730.1, XP_029041731.1, XP_029041733.1, XP_029041729.1, XP_029041735.1, XP_029041737.1, XP_029041738.1, XP_029041736.1, XP_029041732.1
OG0000830	XP_015176486.1	XP_029046161.1, XP_029046159.1, XP_029046160.1, XP_029046162.1
OG0000831	XP_015187648.1	XP_029053525.1
OG0000832	XP_015182201.1	XP_029052022.1
OG0000833	XP_015179083.1, XP_015179069.1	XP_029033171.1, XP_029033162.1
OG0000834	XP_015188791.1, XP_015188793.1	XP_029044948.1, XP_029044947.1, XP_029044949.1
OG0000835	XP_015172107.1	XP_029033243.1
OG0000836	XP_015175593.1	XP_029050026.1
OG0000837	XP_015189396.1, XP_015189394.1, XP_015189395.1	XP_029052942.1, XP_029052939.1, XP_029052940.1
OG0000839	XP_015176907.1, XP_015176906.1, XP_015176905.1	XP_029041269.1
OG0000840	XP_015171609.1, XP_015171610.1	XP_029032295.1
OG0000841	XP_015185470.1	XP_029038245.1
OG0000842	XP_015188377.1	XP_029036335.1
OG0000843	XP_015179933.1, XP_015179934.1	XP_029040309.1
OG0000844	XP_015189208.1, XP_015189210.1	XP_029047367.1, XP_029047368.1
OG0000846	XP_015180905.1, XP_015188409.1, XP_015188578.1, XP_015184250.1, XP_015189712.1	XP_029046106.1, XP_029054871.1, XP_029046768.1, XP_029050764.1, XP_029050765.1, XP_029046220.1, XP_029046219.1, XP_029046121.1
OG0000847	XP_015189940.1	XP_029051955.1
OG0000849	XP_015184255.1, XP_015184256.1	XP_029034456.1, XP_029034454.1, XP_029039749.1, XP_029039748.1
OG0000850	XP_015172914.1, XP_015172913.1	XP_029045453.1, XP_029045454.1, XP_029045455.1
OG0000851	XP_015174236.1	XP_029033382.1
OG0000852	XP_015177376.1, XP_015177375.1	XP_029048293.1
OG0000853	XP_015174954.1, XP_015174955.1	XP_029050973.1
OG0000854	XP_015178802.1	XP_029053889.1
OG0000855	XP_015184043.1, XP_015184042.1, XP_015184044.1	XP_029035330.1
OG0000856	XP_015173180.1, XP_015173076.1	XP_029049259.1
OG0000857	XP_015176568.1, XP_015176569.1	XP_029035548.1
OG0000858	XP_015172512.1	XP_029044966.1
OG0000859	XP_015190125.1	XP_029050279.1, XP_029050276.1, XP_029050278.1, XP_029050275.1, XP_029050277.1
OG0000860	XP_015179289.1, XP_015179285.1, XP_015179286.1, XP_015179287.1	XP_029046128.1, XP_029046127.1
OG0000861	XP_015191192.1	XP_029036184.1
OG0000862	XP_015182915.1	XP_029041720.1, XP_029041507.1
OG0000863	XP_015182553.1	XP_029051488.1, XP_029051489.1
OG0000864	XP_015172499.1, XP_015172500.1, XP_015172502.1	XP_029036638.1, XP_029036637.1, XP_029036634.1, XP_029036636.1, XP_029036635.1
OG0000865	XP_015183510.1	XP_029048730.1
OG0000866	XP_015172995.1, XP_015172994.1, XP_015172996.1, XP_015172993.1	XP_029041767.1
OG0000867	XP_015182439.1	XP_029032211.1, XP_029032212.1
OG0000868	XP_015187718.1	XP_029044935.1, XP_029044930.1
OG0000869	XP_015183581.1, XP_015183579.1, XP_015183578.1, XP_015183577.1, XP_015183582.1	XP_029041487.1, XP_029041486.1, XP_029041488.1
OG0000870	XP_015188337.1	XP_029033304.1, XP_029033303.1
OG0000871	XP_015172789.1, XP_015172790.1, XP_015172791.1, XP_015172788.1, XP_015172792.1	XP_029037492.1, XP_029037491.1
OG0000872	XP_015191392.1, XP_015191394.1	XP_029041012.1, XP_029041011.1
OG0000873	XP_015178193.1	XP_029036012.1
OG0000874	XP_015188271.1, XP_015188272.1, XP_015188268.1, XP_015188269.1	XP_029032300.1, XP_029032301.1
OG0000875	XP_015187543.1, XP_015187544.1	XP_029036158.1
OG0000876	XP_015177109.1	XP_029046811.1, XP_029046812.1
OG0000877	XP_015182039.1	XP_029052830.1
OG0000878	XP_015175960.1	XP_029046313.1
OG0000879	XP_015171508.1	XP_029039723.1, XP_029039725.1
OG0000881	XP_015180069.1	XP_029052283.1
OG0000882	XP_015182834.1	XP_029044821.1
OG0000883	XP_015181057.1	XP_029036725.1
OG0000884	XP_015181805.1, XP_015181806.1, XP_015181804.1	XP_029036881.1
OG0000885	XP_015185049.1	XP_029038208.1, XP_029038201.1, XP_029038202.1, XP_029038203.1, XP_029038204.1, XP_029038205.1, XP_029038207.1
OG0000886	XP_015180290.1, XP_015180299.1	XP_029046854.1
OG0000887	XP_015190553.1	XP_029053588.1
OG0000888	XP_015177484.1	XP_029053364.1
OG0000890	XP_015176405.1	XP_029047371.1
OG0000891	XP_015180316.1, XP_015180317.1, XP_015180313.1, XP_015180318.1, XP_015180315.1, XP_015180319.1, XP_015180314.1	XP_029037751.1, XP_029037750.1
OG0000892	XP_015181682.1, XP_015176616.1	XP_029042728.1
OG0000893	XP_015176562.1, XP_015176560.1, XP_015176561.1, XP_015176559.1	XP_029033335.1, XP_029033334.1
OG0000894	XP_015183135.1, XP_015183134.1	XP_029054541.1, XP_029054540.1
OG0000895	XP_015176394.1	XP_029038635.1, XP_029038631.1, XP_029038632.1
OG0000896	XP_015174696.1	XP_029049327.1
OG0000897	XP_015189525.1, XP_015189527.1, XP_015189526.1, XP_015189528.1	XP_029035306.1, XP_029035304.1, XP_029035305.1
OG0000898	XP_015180246.1	XP_029042797.1
OG0000898	XP_015190508.1	XP_029037816.1
OG0000899	XP_015176107.1	XP_029053733.1, XP_029053800.1, XP_029053799.1
OG0000900	XP_015181904.1, XP_015181903.1	XP_029040266.1
OG0000901	XP_015181566.1	XP_029049408.1
OG0000902	XP_015188426.1	XP_029052012.1, XP_029052015.1
OG0000903	XP_015175275.1	XP_029054357.1
OG0000904	XP_015172854.1	XP_029039322.1
OG0000904	XP_015178828.1	XP_029045629.1
OG0000905	XP_015175895.1, XP_015180562.1	XP_029055400.1
OG0000906	XP_015185582.1	XP_029050534.1
OG0000908	XP_015188569.1, XP_015188570.1	XP_029048986.1
OG0000909	XP_015185735.1	XP_029035083.1, XP_029035086.1, XP_029035085.1, XP_029035087.1, XP_029035084.1
OG0000910	XP_015176527.1	XP_029036119.1
OG0000911	XP_015175720.1	XP_029043458.1, XP_029043448.1
OG0000912	XP_015171542.1, XP_015171559.1, XP_015171551.1, XP_015171534.1, XP_015171525.1	XP_029044784.1
OG0000913	XP_015175619.1	XP_029035420.1, XP_029035419.1, XP_029035418.1
OG0000914	XP_015176440.1	XP_029046766.1
OG0000916	XP_015187295.1	XP_029033722.1
OG0000917	XP_015188187.1	XP_029042987.1, XP_029042986.1
OG0000918	XP_015182251.1	XP_029035379.1
OG0000919	XP_015175896.1	XP_029046689.1, XP_029046687.1, XP_029046691.1, XP_029046690.1, XP_029046686.1, XP_029046692.1
OG0000920	XP_015186775.1	XP_029037898.1, XP_029037897.1, XP_029037900.1, XP_029037899.1
OG0000921	XP_015171942.1, XP_015171935.1	XP_029052287.1, XP_029052289.1, XP_029052288.1
OG0000923	XP_015189867.1	XP_029038535.1
OG0000924	XP_015191506.1	XP_029053230.1, XP_029053231.1
OG0000925	XP_015179065.1, XP_015176121.1, XP_015176120.1	XP_029051947.1
OG0000927	XP_015187147.1, XP_015187146.1	XP_029056663.1, XP_029056664.1
OG0000928	XP_015188321.1	XP_029040031.1
OG0000929	XP_015184722.1	XP_029052786.1
OG0000930	XP_015188871.1, XP_015188869.1, XP_015188868.1	XP_029037533.1
OG0000931	XP_015184924.1	XP_029040869.1
OG0000931	XP_015184923.1	XP_029040864.1
OG0000932	XP_015178736.1	XP_029056379.1
OG0000933	XP_015178985.1	XP_029044620.1
OG0000933	XP_015184783.1	XP_029051948.1
OG0000934	XP_015191661.1, XP_015191660.1	XP_029036524.1
OG0000935	XP_015179974.1	XP_029040257.1
OG0000936	XP_015188683.1	XP_029047302.1, XP_029047300.1
OG0000937	XP_015188421.1	XP_029051803.1, XP_029051801.1
OG0000938	XP_015177378.1	XP_029052964.1, XP_029052965.1
OG0000939	XP_015172108.1	XP_029035237.1
OG0000939	XP_015171764.1	XP_029035246.1
OG0000941	XP_015182643.1, XP_015182644.1, XP_015182645.1	XP_029044665.1
OG0000942	XP_015175750.1	XP_029047625.1
OG0000943	XP_015181727.1, XP_015181728.1	XP_029036790.1, XP_029036789.1, XP_029036788.1
OG0000944	XP_015172595.1, XP_015172596.1	XP_029043546.1, XP_029043548.1
OG0000946	XP_015187698.1	XP_029044490.1
OG0000947	XP_015171774.1	XP_029052760.1
OG0000948	XP_015181362.1, XP_015181363.1	XP_029041820.1, XP_029041821.1, XP_029041822.1
OG0000949	XP_015188750.1, XP_015188751.1	XP_029055599.1
OG0000950	XP_015186768.1	XP_029036826.1
OG0000951	XP_015189476.1, XP_015189477.1	XP_029051552.1
OG0000952	XP_015187741.1	XP_029036632.1, XP_029036641.1
OG0000953	XP_015180772.1	XP_029034265.1
OG0000954	XP_015182023.1	XP_029040174.1
OG0000955	XP_015187096.1, XP_015187099.1	XP_029032113.1
OG0000957	XP_015190064.1	XP_029051833.1
OG0000958	XP_015181014.1, XP_015181015.1, XP_015181013.1	XP_029046727.1, XP_029046784.1
OG0000959	XP_015182535.1	XP_029050523.1, XP_029050521.1, XP_029050520.1
OG0000959	XP_015186927.1	XP_029050518.1
OG0000960	XP_015178044.1	XP_029055708.1
OG0000961	XP_015184605.1	XP_029054160.1
OG0000962	XP_015185526.1, XP_015185519.1	XP_029039417.1, XP_029039428.1
OG0000963	XP_015176676.1, XP_015176675.1	XP_029041343.1
OG0000964	XP_015171839.1	XP_029054698.1, XP_029054693.1
OG0000965	XP_015180575.1	XP_029052896.1
OG0000965	XP_015180584.1	XP_029052892.1
OG0000966	XP_015178543.1, XP_015178535.1	XP_029047977.1, XP_029047978.1, XP_029047979.1, XP_029047976.1
OG0000967	XP_015178106.1, XP_015178134.1, XP_015178125.1, XP_015178116.1	XP_029035894.1
OG0000968	XP_015176144.1	XP_029051950.1
OG0000969	XP_015188638.1	XP_029032326.1
OG0000970	XP_015175044.1	XP_029042747.1, XP_029042744.1, XP_029042745.1, XP_029042746.1
OG0000971	XP_015175695.1	XP_029036711.1
OG0000972	XP_015171553.1, XP_015171554.1	XP_029049715.1, XP_029049714.1
OG0000973	XP_015186443.1	XP_029043587.1
OG0000974	XP_015189633.1, XP_015189632.1	XP_029037631.1
OG0000975	XP_015177027.1	XP_029033838.1, XP_029033818.1
OG0000976	XP_015186917.1	XP_029056457.1
OG0000977	XP_015171419.1	XP_029055763.1
OG0000978	XP_015175367.1	XP_029053840.1
OG0000978	XP_015190980.1	XP_029049203.1
OG0000979	XP_015171776.1	XP_029049951.1, XP_029049957.1
OG0000979	XP_015191604.1	XP_029053646.1
OG0000981	XP_015191624.1	XP_029034547.1, XP_029034546.1, XP_029034558.1, XP_029034556.1, XP_029034557.1, XP_029034549.1, XP_029034548.1
OG0000983	XP_015184122.1, XP_015184123.1	XP_029036486.1
OG0000984	XP_015172433.1	XP_029048597.1
OG0000985	XP_015179027.1, XP_015179026.1, XP_015179029.1	XP_029039973.1
OG0000986	XP_015181002.1	XP_029045505.1
OG0000987	XP_015174917.1	XP_029049566.1
OG0000987	XP_015172232.1	XP_029056671.1
OG0000988	XP_015174119.1, XP_015174118.1, XP_015174120.1	XP_029051114.1, XP_029051104.1, XP_029051096.1
OG0000989	XP_015176292.1	XP_029051298.1, XP_029051296.1, XP_029051299.1
OG0000990	XP_015175953.1	XP_029037736.1, XP_029037737.1
OG0000992	XP_015176311.1	XP_029044482.1, XP_029044481.1, XP_029044483.1
OG0000993	XP_015179484.1	XP_029041608.1, XP_029041607.1
OG0000994	XP_015182304.1	XP_029055943.1
OG0000994	XP_015182305.1	XP_029055944.1
OG0000995	XP_015174088.1	XP_029047694.1, XP_029047693.1, XP_029047695.1
OG0000995	XP_015188779.1	XP_029042712.1
OG0000996	XP_015185752.1	XP_029049361.1, XP_029049360.1, XP_029049359.1
OG0000997	XP_015188106.1	XP_029042197.1
OG0000999	XP_015177401.1	XP_029044288.1
OG0001000	XP_015172622.1, XP_015187087.1, XP_015187088.1	XP_029054033.1
OG0001001	XP_015185344.1, XP_015179997.1	XP_029035591.1
OG0001002	XP_015184907.1	XP_029040949.1, XP_029040852.1
OG0001003	XP_015171955.1	XP_029050556.1, XP_029050555.1
OG0001004	XP_015173692.1	XP_029039774.1
OG0001005	XP_015190463.1	XP_029032814.1, XP_029032816.1, XP_029032811.1, XP_029032812.1, XP_029032810.1, XP_029032815.1
OG0001006	XP_015173951.1, XP_015173950.1	XP_029037605.1, XP_029037606.1
OG0001007	XP_015174648.1	XP_029045334.1
OG0001008	XP_015181878.1, XP_015181872.1	XP_029042780.1
OG0001009	XP_015180568.1	XP_029052897.1
OG0001009	XP_015181885.1	XP_029050185.1
OG0001010	XP_015178164.1	XP_029032466.1, XP_029032465.1, XP_029032464.1
OG0001011	XP_015173222.1	XP_029047075.1, XP_029047074.1, XP_029047073.1
OG0001012	XP_015185266.1	XP_029042079.1, XP_029042080.1, XP_029042081.1, XP_029042082.1, XP_029042083.1, XP_029042088.1, XP_029042087.1, XP_029042086.1, XP_029042084.1
OG0001013	XP_015177366.1, XP_015177365.1	XP_029039346.1
OG0001014	XP_015187836.1, XP_015187835.1	XP_029032139.1, XP_029032135.1, XP_029032137.1, XP_029032138.1
OG0001015	XP_015179864.1	XP_029033343.1
OG0001016	XP_015188536.1	XP_029042494.1
OG0001016	XP_015177132.1	XP_029051366.1
OG0001017	XP_015177391.1	XP_029039773.1, XP_029039782.1
OG0001018	XP_015173309.1	XP_029048137.1
OG0001019	XP_015177206.1	XP_029032638.1, XP_029032640.1, XP_029032637.1, XP_029032636.1
OG0001020	XP_015187551.1	XP_029049878.1, XP_029049879.1
OG0001022	XP_015191555.1, XP_015191556.1	XP_029052346.1
OG0001023	XP_015186868.1	XP_029049146.1, XP_029049147.1, XP_029049148.1, XP_029049145.1, XP_029049152.1, XP_029049151.1, XP_029049154.1, XP_029049153.1, XP_029049156.1, XP_029049155.1, XP_029049150.1
OG0001025	XP_015173183.1, XP_015173182.1	XP_029034473.1
OG0001026	XP_015180087.1	XP_029044736.1
OG0001027	XP_015175288.1	XP_029036458.1
OG0001028	XP_015188132.1	XP_029034147.1, XP_029034146.1
OG0001028	XP_015182313.1	XP_029048377.1
OG0001029	XP_015177580.1, XP_015177573.1, XP_015177567.1	XP_029040354.1
OG0001030	XP_015178239.1	XP_029046873.1
OG0001031	XP_015189664.1	XP_029038026.1, XP_029038025.1, XP_029038027.1
OG0001032	XP_015172562.1	XP_029048829.1
OG0001033	XP_015177748.1, XP_015177749.1, XP_015177752.1, XP_015177751.1, XP_015177750.1, XP_015177747.1	XP_029055477.1
OG0001034	XP_015179826.1, XP_015179827.1, XP_015179830.1, XP_015179831.1, XP_015179832.1	XP_029045481.1
OG0001035	XP_015171590.1, XP_015171589.1	XP_029051067.1, XP_029051065.1, XP_029051066.1
OG0001036	XP_015189522.1	XP_029032506.1
OG0001037	XP_015178992.1	XP_029047320.1, XP_029047321.1
OG0001038	XP_015184808.1, XP_015184811.1, XP_015184810.1, XP_015184807.1	XP_029048724.1
OG0001039	XP_015189450.1, XP_015189451.1	XP_029039205.1, XP_029039203.1, XP_029039207.1, XP_029039206.1, XP_029039204.1
OG0001040	XP_015184842.1	XP_029050908.1
OG0001041	XP_015186655.1, XP_015186654.1	XP_029044226.1, XP_029044131.1, XP_029044233.1, XP_029044142.1
OG0001042	XP_015172705.1	XP_029054737.1
OG0001043	XP_015185068.1, XP_015185072.1	XP_029055645.1, XP_029055643.1
OG0001044	XP_015180939.1, XP_015180940.1, XP_015180941.1	XP_029039551.1, XP_029039554.1, XP_029039553.1, XP_029039552.1
OG0001045	XP_015185458.1, XP_015185459.1, XP_015185456.1, XP_015185457.1, XP_015185462.1, XP_015185463.1, XP_015185461.1	XP_029038178.1
OG0001046	XP_015173825.1, XP_015173826.1	XP_029033215.1
OG0001048	XP_015186928.1	XP_029042596.1, XP_029042592.1
OG0001050	XP_015175709.1, XP_015175708.1	XP_029035505.1, XP_029035503.1
OG0001051	XP_015191452.1	XP_029048869.1, XP_029048868.1, XP_029048867.1, XP_029048866.1, XP_029048864.1, XP_029048863.1
OG0001052	XP_015180357.1, XP_015180358.1	XP_029042816.1
OG0001054	XP_015173173.1	XP_029042261.1
OG0001055	XP_015190402.1	XP_029036135.1, XP_029036136.1
OG0001056	XP_015179749.1, XP_015179748.1	XP_029031887.1, XP_029031888.1
OG0001057	XP_015175264.1	XP_029036446.1
OG0001058	XP_015173539.1	XP_029044548.1, XP_029044550.1, XP_029044549.1
OG0001059	XP_015173846.1	XP_029037144.1
OG0001060	XP_015173589.1	XP_029035952.1
OG0001061	XP_015191193.1	XP_029033485.1
OG0001062	XP_015178303.1	XP_029054718.1
OG0001062	XP_015188610.1	XP_029042401.1
OG0001063	XP_015175807.1	XP_029055541.1
OG0001064	XP_015175528.1, XP_015175527.1	XP_029050285.1, XP_029050284.1
OG0001065	XP_015174858.1, XP_015174857.1	XP_029039757.1, XP_029039761.1
OG0001066	XP_015180531.1, XP_015180532.1, XP_015180530.1	XP_029049769.1, XP_029049767.1, XP_029049765.1
OG0001067	XP_015182289.1	XP_029051320.1
OG0001068	XP_015184896.1	XP_029032491.1, XP_029032489.1, XP_029032492.1
OG0001069	XP_015183176.1	XP_029039110.1
OG0001070	XP_015178305.1	XP_029038094.1
OG0001071	XP_015188159.1, XP_015188158.1, XP_015188153.1, XP_015188152.1, XP_015188154.1, XP_015188155.1, XP_015188156.1	XP_029038754.1, XP_029038757.1
OG0001072	XP_015187375.1	XP_029036139.1
OG0001073	XP_015182675.1	XP_029038348.1
OG0001073	XP_015182688.1	XP_029037670.1
OG0001074	XP_015181351.1	XP_029041228.1
OG0001074	XP_015181344.1	XP_029041199.1
OG0001075	XP_015182276.1	XP_029044094.1
OG0001076	XP_015187043.1, XP_015187060.1	XP_029041198.1
OG0001077	XP_015176545.1, XP_015176546.1	XP_029056236.1, XP_029056237.1, XP_029056165.1, XP_029056233.1, XP_029056234.1
OG0001078	XP_015174323.1	XP_029039858.1, XP_029039857.1
OG0001079	XP_015180274.1, XP_015180275.1	XP_029048169.1, XP_029048171.1, XP_029048170.1, XP_029048172.1
OG0001081	XP_015180222.1, XP_015180218.1	XP_029039370.1
OG0001082	XP_015178374.1, XP_015178373.1	XP_029033916.1
OG0001083	XP_015180124.1, XP_015180122.1	XP_029032742.1, XP_029032745.1
OG0001084	XP_015179989.1	XP_029043343.1, XP_029043344.1
OG0001085	XP_015173687.1	XP_029036412.1
OG0001086	XP_015172964.1	XP_029035873.1
OG0001087	XP_015188495.1	XP_029039090.1, XP_029039088.1
OG0001090	XP_015175110.1	XP_029035828.1, XP_029035829.1
OG0001091	XP_015189101.1, XP_015189103.1	XP_029042367.1
OG0001092	XP_015191425.1, XP_015191467.1	XP_029041411.1, XP_029041417.1
OG0001093	XP_015187165.1, XP_015187166.1	XP_029052430.1
OG0001094	XP_015176080.1	XP_029040747.1
OG0001095	XP_015184068.1	XP_029053522.1, XP_029053521.1
OG0001096	XP_015171385.1	XP_029049861.1, XP_029049860.1
OG0001097	XP_015179419.1, XP_015179409.1	XP_029033463.1, XP_029033461.1, XP_029033617.1, XP_029033618.1, XP_029033619.1, XP_029033462.1
OG0001098	XP_015184515.1	XP_029040270.1, XP_029040272.1, XP_029040271.1, XP_029040273.1
OG0001099	XP_015191447.1	XP_029043263.1
OG0001100	XP_015174604.1	XP_029052987.1, XP_029052770.1
OG0001101	XP_015177055.1	XP_029049684.1, XP_029049686.1
OG0001102	XP_015176575.1, XP_015176574.1, XP_015176576.1	XP_029048236.1
OG0001103	XP_015176930.1	XP_029052972.1
OG0001104	XP_015188143.1, XP_015188146.1	XP_029052508.1, XP_029052510.1, XP_029052509.1
OG0001105	XP_015180113.1	XP_029054827.1
OG0001106	XP_015177824.1, XP_015177823.1	XP_029041177.1
OG0001107	XP_015188221.1, XP_015188220.1, XP_015188224.1, XP_015188222.1, XP_015188219.1, XP_015188218.1, XP_015172943.1	XP_029052344.1
OG0001108	XP_015186207.1	XP_029044267.1
OG0001109	XP_015171708.1	XP_029046831.1, XP_029046830.1
OG0001110	XP_015174699.1	XP_029046508.1, XP_029046507.1, XP_029046506.1
OG0001111	XP_015189229.1, XP_015189231.1	XP_029037927.1, XP_029037928.1, XP_029037929.1, XP_029037931.1, XP_029037930.1, XP_029037932.1
OG0001112	XP_015186816.1, XP_015186814.1	XP_029040677.1, XP_029040673.1, XP_029040674.1, XP_029040676.1
OG0001113	XP_015175661.1, XP_015175660.1	XP_029043899.1, XP_029043897.1, XP_029043898.1, XP_029043896.1
OG0001114	XP_015177983.1	XP_029044551.1
OG0001115	XP_015180257.1	XP_029044316.1
OG0001116	XP_015182647.1	XP_029044697.1, XP_029044695.1
OG0001117	XP_015186405.1	XP_029034435.1, XP_029034437.1, XP_029034441.1, XP_029034440.1, XP_029034442.1, XP_029034439.1, XP_029034438.1
OG0001118	XP_015184284.1, XP_015184283.1	XP_029056583.1, XP_029056584.1
OG0001119	XP_015174575.1, XP_015174576.1, XP_015174573.1, XP_015174574.1, XP_015174577.1	XP_029052870.1, XP_029052869.1
OG0001120	XP_015190181.1, XP_015191352.1	XP_029038374.1
OG0001121	XP_015183325.1	XP_029037837.1
OG0001122	XP_015190629.1	XP_029034278.1, XP_029034279.1
OG0001123	XP_015177504.1, XP_015177505.1	XP_029034817.1, XP_029034816.1, XP_029034815.1, XP_029034813.1
OG0001124	XP_015180596.1	XP_029039585.1, XP_029039586.1
OG0001125	XP_015182013.1	XP_029051981.1, XP_029051962.1, XP_029051973.1
OG0001126	XP_015182667.1	XP_029053674.1
OG0001128	XP_015185085.1, XP_015185078.1	XP_029055536.1
OG0001129	XP_015184969.1	XP_029051308.1
OG0001130	XP_015181166.1	XP_029052405.1
OG0001131	XP_015183955.1	XP_029032784.1
OG0001132	XP_015191585.1	XP_029042983.1, XP_029042982.1, XP_029042981.1, XP_029042980.1, XP_029042984.1, XP_029042985.1
OG0001133	XP_015175083.1, XP_015189802.1	XP_029047314.1
OG0001134	XP_015179664.1	XP_029044504.1, XP_029044501.1
OG0001135	XP_015174347.1, XP_015174346.1, XP_015174345.1, XP_015174344.1	XP_029047386.1, XP_029047385.1, XP_029047387.1, XP_029047388.1
OG0001136	XP_015171439.1	XP_029038494.1, XP_029038493.1, XP_029038492.1
OG0001137	XP_015176189.1	XP_029050110.1
OG0001138	XP_015178519.1, XP_015178520.1, XP_015178521.1, XP_015178522.1	XP_029042629.1, XP_029042628.1
OG0001139	XP_015187655.1	XP_029047728.1
OG0001140	XP_015190502.1	XP_029042965.1, XP_029042966.1, XP_029042964.1, XP_029042967.1
OG0001141	XP_015175991.1	XP_029035195.1
OG0001142	XP_015174958.1	XP_029050954.1
OG0001143	XP_015178784.1	XP_029033572.1, XP_029033573.1, XP_029033528.1, XP_029033530.1, XP_029033529.1, XP_029033576.1, XP_029033575.1
OG0001144	XP_015173282.1	XP_029040831.1
OG0001145	XP_015188195.1	XP_029038713.1
OG0001146	XP_015184501.1	XP_029042796.1
OG0001147	XP_015191828.1, XP_015191829.1	XP_029047014.1, XP_029047015.1, XP_029047016.1, XP_029047017.1, XP_029047018.1, XP_029047019.1
OG0001148	XP_015179879.1, XP_015179878.1	XP_029048848.1
OG0001149	XP_015189152.1, XP_015189151.1	XP_029049802.1, XP_029049812.1
OG0001150	XP_015182986.1	XP_029047767.1, XP_029047758.1, XP_029047768.1
OG0001151	XP_015191401.1, XP_015191400.1, XP_015191399.1	XP_029035402.1
OG0001152	XP_015183414.1, XP_015183413.1	XP_029053553.1
OG0001153	XP_015191605.1	XP_029035877.1
OG0001153	XP_015191606.1	XP_029035905.1
OG0001154	XP_015183455.1	XP_029045919.1
OG0001155	XP_015188999.1	XP_029032053.1, XP_029032052.1, XP_029032051.1
OG0001156	XP_015176838.1	XP_029051453.1
OG0001157	XP_015190398.1, XP_015190397.1	XP_029035770.1
OG0001158	XP_015187148.1	XP_029055511.1, XP_029055510.1
OG0001159	XP_015175311.1	XP_029042722.1, XP_029042723.1, XP_029042724.1, XP_029042725.1
OG0001160	XP_015177704.1	XP_029033349.1
OG0001161	XP_015190331.1, XP_015178959.1	XP_029037662.1
OG0001162	XP_015180991.1, XP_015180988.1	XP_029046438.1, XP_029046430.1, XP_029046437.1
OG0001163	XP_015180082.1, XP_015180085.1	XP_029037773.1, XP_029037772.1
OG0001164	XP_015186011.1	XP_029053566.1
OG0001165	XP_015173072.1	XP_029034472.1, XP_029034470.1
OG0001166	XP_015177607.1, XP_015177606.1	XP_029053494.1, XP_029053493.1
OG0001167	XP_015185361.1, XP_015185360.1	XP_029053014.1, XP_029053013.1, XP_029053011.1
OG0001168	XP_015172453.1, XP_015172452.1, XP_015172451.1, XP_015172449.1, XP_015172448.1	XP_029054095.1, XP_029054096.1
OG0001169	XP_015171515.1	XP_029041844.1
OG0001170	XP_015185911.1	XP_029055748.1
OG0001171	XP_015191603.1, XP_015191598.1	XP_029047001.1, XP_029047000.1
OG0001172	XP_015171202.1, XP_015171200.1	XP_029043903.1
OG0001173	XP_015189669.1	XP_029044928.1
OG0001174	XP_015173128.1	XP_029034609.1
OG0001175	XP_015176134.1	XP_029047430.1
OG0001176	XP_015182301.1, XP_015182300.1	XP_029055939.1, XP_029055940.1
OG0001177	XP_015189549.1, XP_015189414.1	XP_029048391.1
OG0001178	XP_015171826.1	XP_029054667.1
OG0001179	XP_015186516.1	XP_029051416.1, XP_029051417.1, XP_029051415.1, XP_029051413.1, XP_029051418.1
OG0001180	XP_015187233.1, XP_015187221.1	XP_029047573.1, XP_029047580.1
OG0001181	XP_015172124.1, XP_015172126.1	XP_029049183.1, XP_029051531.1
OG0001183	XP_015172681.1, XP_015172673.1	XP_029033810.1, XP_029033802.1
OG0001184	XP_015172607.1, XP_015172608.1	XP_029050580.1, XP_029050579.1
OG0001185	XP_015177630.1, XP_015177626.1, XP_015177624.1	XP_029046656.1, XP_029040340.1
OG0001186	XP_015186151.1	XP_029044269.1, XP_029044268.1, XP_029044270.1
OG0001187	XP_015188783.1	XP_029049604.1
OG0001188	XP_015185921.1, XP_015185920.1, XP_015185922.1	XP_029052229.1
OG0001189	XP_015185561.1	XP_029032794.1
OG0001190	XP_015174310.1, XP_015174309.1, XP_015174312.1	XP_029040704.1, XP_029040702.1
OG0001191	XP_015177266.1	XP_029039512.1
OG0001193	XP_015179540.1	XP_029046377.1
OG0001195	XP_015187704.1	XP_029036893.1, XP_029036892.1, XP_029036891.1
OG0001197	XP_015171190.1	XP_029035791.1
OG0001198	XP_015182891.1, XP_015182890.1	XP_029046027.1, XP_029046028.1, XP_029046025.1, XP_029046026.1, XP_029046022.1, XP_029046023.1
OG0001201	XP_015183363.1	XP_029038922.1, XP_029038921.1, XP_029038924.1
OG0001202	XP_015181375.1	XP_029038518.1
OG0001204	XP_015178874.1, XP_015178876.1, XP_015178875.1, XP_015178877.1	XP_029045639.1
OG0001205	XP_015179313.1	XP_029045937.1
OG0001205	XP_015184912.1	XP_029047797.1
OG0001206	XP_015178002.1	XP_029039739.1, XP_029039724.1
OG0001207	XP_015186400.1	XP_029038861.1
OG0001208	XP_015176539.1	XP_029046716.1
OG0001209	XP_015187398.1	XP_029050453.1, XP_029050454.1
OG0001210	XP_015181180.1	XP_029045065.1, XP_029045090.1, XP_029045064.1, XP_029045066.1
OG0001211	XP_015183488.1	XP_029044637.1
OG0001212	XP_015171700.1	XP_029035757.1, XP_029035758.1, XP_029035756.1
OG0001214	XP_015176674.1	XP_029054862.1
OG0001215	XP_015178220.1, XP_015178221.1, XP_015178219.1	XP_029045433.1
OG0001216	XP_015171674.1	XP_029055442.1
OG0001217	XP_015176078.1	XP_029042268.1, XP_029042267.1, XP_029042269.1
OG0001218	XP_015173300.1, XP_015173299.1	XP_029056113.1
OG0001219	XP_015184876.1	XP_029045176.1
OG0001220	XP_015182517.1	XP_029042303.1, XP_029042298.1, XP_029042297.1, XP_029042302.1, XP_029042301.1, XP_029042300.1, XP_029042299.1, XP_029042304.1
OG0001221	XP_015176774.1	XP_029045089.1
OG0001222	XP_015191741.1, XP_015191739.1	XP_029045829.1, XP_029045830.1
OG0001223	XP_015188320.1	XP_029052640.1
OG0001224	XP_015188607.1, XP_015188608.1, XP_015188605.1	XP_029042408.1, XP_029042403.1
OG0001225	XP_015188945.1	XP_029035023.1, XP_029035022.1
OG0001226	XP_015186603.1	XP_029041431.1
OG0001228	XP_015179126.1	XP_029040917.1, XP_029040916.1
OG0001229	XP_015176745.1, XP_015176746.1, XP_015176718.1	XP_029037330.1, XP_029037329.1
OG0001230	XP_015184518.1, XP_015184491.1	XP_029048697.1
OG0001231	XP_015177060.1	XP_029043785.1
OG0001232	XP_015171372.1	XP_029032285.1, XP_029032284.1
OG0001233	XP_015178688.1, XP_015178686.1	XP_029038609.1
OG0001234	XP_015174623.1, XP_015174621.1, XP_015174622.1	XP_029052110.1
OG0001236	XP_015185251.1, XP_015185250.1	XP_029042136.1
OG0001237	XP_015185478.1	XP_029042680.1
OG0001238	XP_015173641.1, XP_015173650.1	XP_029034896.1
OG0001239	XP_015186664.1, XP_015186665.1, XP_015186666.1	XP_029048880.1, XP_029048879.1
OG0001240	XP_015178294.1	XP_029048972.1
OG0001241	XP_015190087.1, XP_015190089.1	XP_029054682.1, XP_029054684.1
OG0001242	XP_015191735.1, XP_015191763.1, XP_015191743.1	XP_029035172.1
OG0001243	XP_015178458.1, XP_015178456.1, XP_015178457.1	XP_029049046.1
OG0001244	XP_015171549.1, XP_015171550.1	XP_029049729.1, XP_029049728.1, XP_029049726.1, XP_029049725.1
OG0001245	XP_015181465.1, XP_015181466.1	XP_029040097.1, XP_029040096.1, XP_029040099.1, XP_029040098.1
OG0001246	XP_015181421.1	XP_029051610.1
OG0001247	XP_015176779.1, XP_015176782.1, XP_015176783.1, XP_015176780.1	XP_029045546.1, XP_029045545.1
OG0001248	XP_015183140.1	XP_029037526.1
OG0001249	XP_015177561.1, XP_015177565.1, XP_015177562.1, XP_015177566.1	XP_029040827.1
OG0001250	XP_015191522.1, XP_015191523.1	XP_029034862.1
OG0001251	XP_015174771.1, XP_015174772.1	XP_029032473.1
OG0001252	XP_015174681.1	XP_029045781.1
OG0001253	XP_015177639.1	XP_029035396.1
OG0001254	XP_015182745.1	XP_029037110.1, XP_029037103.1
OG0001255	XP_015173425.1	XP_029053483.1
OG0001256	XP_015186656.1	XP_029044274.1, XP_029044168.1
OG0001257	XP_015173761.1, XP_015173760.1	XP_029035352.1, XP_029035342.1, XP_029035333.1
OG0001258	XP_015172818.1	XP_029047816.1
OG0001259	XP_015175371.1	XP_029050142.1
OG0001260	XP_015184928.1	XP_029047658.1
OG0001261	XP_015184901.1	XP_029047959.1, XP_029047956.1, XP_029047957.1, XP_029047955.1, XP_029047960.1, XP_029047958.1
OG0001262	XP_015182580.1, XP_015182583.1, XP_015182582.1, XP_015182581.1	XP_029042726.1, XP_029042727.1, XP_029042729.1
OG0001263	XP_015178787.1, XP_015178793.1	XP_029047815.1
OG0001264	XP_015185167.1, XP_015185168.1	XP_029038702.1
OG0001265	XP_015185428.1	XP_029031886.1
OG0001266	XP_015185887.1, XP_015185861.1, XP_015185879.1, XP_015185870.1	XP_029036652.1, XP_029036654.1, XP_029036649.1, XP_029036651.1, XP_029036650.1, XP_029036657.1, XP_029036656.1, XP_029036658.1, XP_029036659.1, XP_029036653.1
OG0001267	XP_015176612.1	XP_029052974.1
OG0001268	XP_015186249.1	XP_029051876.1
OG0001268	XP_015173573.1	XP_029034629.1
OG0001269	XP_015182444.1, XP_015182447.1	XP_029043954.1, XP_029043956.1, XP_029043958.1
OG0001270	XP_015180459.1, XP_015180458.1, XP_015180461.1	XP_029045617.1
OG0001271	XP_015180489.1, XP_015180487.1	XP_029037440.1
OG0001272	XP_015184964.1	XP_029038215.1
OG0001273	XP_015184512.1	XP_029048679.1
OG0001274	XP_015177902.1, XP_015171720.1	XP_029055752.1, XP_029055753.1, XP_029055749.1, XP_029055751.1, XP_029055754.1
OG0001275	XP_015175751.1	XP_029036953.1, XP_029036954.1
OG0001277	XP_015175198.1	XP_029046168.1
OG0001278	XP_015178499.1	XP_029045825.1, XP_029045826.1, XP_029045828.1
OG0001280	XP_015176453.1	XP_029048608.1
OG0001281	XP_015188051.1	XP_029044751.1
OG0001282	XP_015187689.1, XP_015187690.1, XP_015187692.1, XP_015187691.1	XP_029050569.1, XP_029050570.1, XP_029050571.1, XP_029050573.1, XP_029050568.1
OG0001283	XP_015175231.1	XP_029052096.1
OG0001284	XP_015172687.1	XP_029037069.1
OG0001286	XP_015171745.1	XP_029038422.1
OG0001287	XP_015182461.1, XP_015182509.1	XP_029048784.1
OG0001288	XP_015180066.1, XP_015180067.1, XP_015180068.1	XP_029045434.1
OG0001289	XP_015171075.1	XP_029046337.1
OG0001290	XP_015176240.1	XP_029049968.1, XP_029049973.1
OG0001291	XP_015179207.1, XP_015179208.1	XP_029056056.1
OG0001292	XP_015187484.1, XP_015187483.1, XP_015187486.1, XP_015187485.1, XP_015187481.1, XP_015187482.1	XP_029032746.1, XP_029032747.1
OG0001293	XP_015188324.1	XP_029040029.1, XP_029040028.1, XP_029040030.1
OG0001294	XP_015177500.1, XP_015177499.1, XP_015177501.1	XP_029039533.1
OG0001295	XP_015180422.1	XP_029041356.1
OG0001296	XP_015184529.1, XP_015184542.1	XP_029043030.1
OG0001298	XP_015188193.1	XP_029038752.1
OG0001299	XP_015182795.1	XP_029047245.1, XP_029047244.1
OG0001300	XP_015187343.1	XP_029041664.1
OG0001301	XP_015176169.1, XP_015176168.1	XP_029051368.1
OG0001303	XP_015187064.1, XP_015187063.1, XP_015187066.1, XP_015187065.1, XP_015187062.1	XP_029032106.1
OG0001304	XP_015185103.1, XP_015185111.1	XP_029036818.1, XP_029036817.1
OG0001305	XP_015191788.1	XP_029047272.1
OG0001306	XP_015176775.1	XP_029045544.1, XP_029045539.1
OG0001307	XP_015182317.1	XP_029042062.1
OG0001308	XP_015184548.1	XP_029038996.1
OG0001310	XP_015171687.1	XP_029036677.1, XP_029036676.1, XP_029036675.1
OG0001312	XP_015185662.1	XP_029034879.1
OG0001313	XP_015171961.1	XP_029046015.1
OG0001314	XP_015177007.1, XP_015177015.1	XP_029042388.1, XP_029042387.1
OG0001315	XP_015173856.1	XP_029032809.1, XP_029032806.1
OG0001316	XP_015190443.1	XP_029054671.1, XP_029054670.1
OG0001317	XP_015172216.1	XP_029048401.1
OG0001318	XP_015178547.1, XP_015178549.1, XP_015178548.1, XP_015178546.1	XP_029054022.1, XP_029054015.1, XP_029054074.1, XP_029054078.1
OG0001319	XP_015184975.1	XP_029040165.1, XP_029040164.1, XP_029040163.1
OG0001320	XP_015185261.1, XP_015185263.1, XP_015185262.1	XP_029048617.1
OG0001321	XP_015177276.1, XP_015177272.1, XP_015177271.1, XP_015177273.1, XP_015177274.1	XP_029047115.1, XP_029047112.1, XP_029047113.1, XP_029047111.1, XP_029047116.1, XP_029047114.1
OG0001322	XP_015185054.1, XP_015185053.1	XP_029043835.1, XP_029043833.1, XP_029043832.1
OG0001323	XP_015174389.1	XP_029033294.1
OG0001329	XP_015188643.1, XP_015188639.1, XP_015188642.1, XP_015188641.1, XP_015188640.1	XP_029032327.1
OG0001330	XP_015172508.1	XP_029042912.1, XP_029042913.1, XP_029042914.1, XP_029042915.1
OG0001331	XP_015190609.1	XP_029051541.1, XP_029051540.1, XP_029051867.1, XP_029051868.1
OG0001332	XP_015173768.1	XP_029033214.1
OG0001333	XP_015171755.1, XP_015171746.1	XP_029044746.1, XP_029044745.1
OG0001334	XP_015180201.1	XP_029032222.1
OG0001337	XP_015176315.1	XP_029038364.1
OG0001338	XP_015179016.1, XP_015179017.1	XP_029037588.1
OG0001339	XP_015188747.1, XP_015188734.1	XP_029032885.1
OG0001340	XP_015175811.1	XP_029050499.1
OG0001341	XP_015186402.1	XP_029034457.1
OG0001342	XP_015177172.1	XP_029036316.1, XP_029036318.1, XP_029036317.1
OG0001343	XP_015179776.1	XP_029039156.1
OG0001344	XP_015188077.1	XP_029047967.1, XP_029047966.1
OG0001345	XP_015175286.1, XP_015175285.1	XP_029036453.1, XP_029036454.1, XP_029036456.1, XP_029036455.1
OG0001346	XP_015171640.1, XP_015171641.1	XP_029034209.1, XP_029034208.1, XP_029034207.1, XP_029034206.1, XP_029034210.1
OG0001347	XP_015184727.1	XP_029040682.1, XP_029040683.1
OG0001348	XP_015175187.1, XP_015175188.1, XP_015175186.1	XP_029046770.1
OG0001349	XP_015175721.1	XP_029036960.1, XP_029036961.1
OG0001350	XP_015184960.1	XP_029056373.1
OG0001351	XP_015188176.1	XP_029039548.1, XP_029039547.1, XP_029039546.1, XP_029039544.1
OG0001352	XP_015186386.1	XP_029039001.1, XP_029039002.1
OG0001353	XP_015186606.1, XP_015186607.1	XP_029037693.1
OG0001354	XP_015184552.1	XP_029048678.1
OG0001355	XP_015191309.1, XP_015191308.1, XP_015191306.1, XP_015191307.1	XP_029048591.1
OG0001356	XP_015183376.1	XP_029050251.1
OG0001357	XP_015185993.1, XP_015185994.1	XP_029035295.1
OG0001358	XP_015179882.1	XP_029045950.1, XP_029045943.1
OG0001359	XP_015175348.1	XP_029050983.1
OG0001360	XP_015175191.1, XP_015175192.1, XP_015175189.1, XP_015175190.1	XP_029052556.1
OG0001361	XP_015189054.1	XP_029033187.1, XP_029033186.1, XP_029033188.1
OG0001362	XP_015189363.1	XP_029043889.1, XP_029043891.1
OG0001363	XP_015172972.1, XP_015172973.1	XP_029044244.1, XP_029043395.1
OG0001364	XP_015181043.1	XP_029042894.1
OG0001365	XP_015191302.1	XP_029037460.1, XP_029037461.1
OG0001368	XP_015184592.1	XP_029054149.1, XP_029054153.1
OG0001369	XP_015181072.1	XP_029047264.1, XP_029047262.1, XP_029047263.1
OG0001370	XP_015184410.1	XP_029032157.1, XP_029032156.1
OG0001371	XP_015181797.1	XP_029039828.1, XP_029039862.1, XP_029039838.1, XP_029039848.1, XP_029039856.1
OG0001373	XP_015181678.1	XP_029038583.1
OG0001374	XP_015188911.1, XP_015188912.1, XP_015188910.1	XP_029037603.1, XP_029037604.1, XP_029037601.1, XP_029037602.1
OG0001375	XP_015188011.1	XP_029035918.1
OG0001376	XP_015188863.1, XP_015188865.1, XP_015188864.1	XP_029039213.1
OG0001377	XP_015171684.1, XP_015171685.1	XP_029053475.1
OG0001378	XP_015188444.1, XP_015188445.1, XP_015189349.1, XP_015189348.1	XP_029055326.1
OG0001379	XP_015188017.1	XP_029041466.1
OG0001380	XP_015189420.1, XP_015189421.1, XP_015189419.1	XP_029032982.1
OG0001382	XP_015186730.1	XP_029044693.1
OG0001383	XP_015189441.1	XP_029053750.1
OG0001384	XP_015182287.1	XP_029052476.1
OG0001385	XP_015191663.1	XP_029036528.1
OG0001386	XP_015186179.1	XP_029046067.1
OG0001387	XP_015187004.1	XP_029036625.1
OG0001388	XP_015187276.1	XP_029046509.1
OG0001389	XP_015174485.1	XP_029037728.1
OG0001390	XP_015172438.1, XP_015172439.1, XP_015172440.1, XP_015172441.1	XP_029044964.1
OG0001391	XP_015182508.1, XP_015182507.1, XP_015182506.1	XP_029040450.1, XP_029040449.1
OG0001392	XP_015188800.1	XP_029044914.1
OG0001393	XP_015172415.1, XP_015172442.1	XP_029044648.1, XP_029044647.1, XP_029044646.1
OG0001394	XP_015176205.1	XP_029051159.1
OG0001395	XP_015187548.1, XP_015187547.1, XP_015187546.1, XP_015187545.1	XP_029036082.1
OG0001396	XP_015190613.1	XP_029034090.1, XP_029034089.1
OG0001397	XP_015184617.1	XP_029054221.1, XP_029054097.1
OG0001398	XP_015174377.1, XP_015174376.1, XP_015174378.1	XP_029049881.1
OG0001399	XP_015190153.1, XP_015190152.1, XP_015190151.1	XP_029037974.1, XP_029037973.1
OG0001400	XP_015183714.1	XP_029049393.1
OG0001400	XP_015183704.1	XP_029051918.1
OG0001401	XP_015187970.1, XP_015187969.1	XP_029036921.1, XP_029036920.1
OG0001402	XP_015191194.1	XP_029033711.1, XP_029033712.1, XP_029033714.1, XP_029033715.1, XP_029033490.1, XP_029033716.1, XP_029033491.1, XP_029033713.1, XP_029033494.1, XP_029033495.1, XP_029033492.1, XP_029033493.1
OG0001403	XP_015187745.1	XP_029036549.1, XP_029036610.1
OG0001404	XP_015179890.1, XP_015179892.1, XP_015179891.1	XP_029053391.1
OG0001405	XP_015174612.1	XP_029049321.1
OG0001406	XP_015180352.1	XP_029046680.1, XP_029046677.1, XP_029046679.1
OG0001407	XP_015184078.1, XP_015184080.1	XP_029032536.1, XP_029032530.1
OG0001408	XP_015187566.1	XP_029048312.1
OG0001409	XP_015188310.1, XP_015188313.1	XP_029052634.1, XP_029052630.1, XP_029052635.1, XP_029052636.1
OG0001410	XP_015185730.1	XP_029049351.1
OG0001412	XP_015191005.1	XP_029044343.1
OG0001412	XP_015191408.1	XP_029044353.1
OG0001413	XP_015178798.1	XP_029053632.1
OG0001414	XP_015175407.1, XP_015175408.1	XP_029050126.1
OG0001415	XP_015182075.1	XP_029052257.1, XP_029052234.1
OG0001416	XP_015181549.1	XP_029050379.1, XP_029055801.1, XP_029050539.1
OG0001417	XP_015188275.1	XP_029035459.1
OG0001418	XP_015177476.1, XP_015189892.1, XP_015189760.1, XP_015176373.1	XP_029053413.1
OG0001419	XP_015175340.1, XP_015175323.1	XP_029046883.1, XP_029046876.1
OG0001420	XP_015183990.1	XP_029043708.1
OG0001421	XP_015182989.1	XP_029044390.1
OG0001422	XP_015191538.1	XP_029035369.1, XP_029035370.1, XP_029035367.1, XP_029035366.1, XP_029035365.1, XP_029035364.1, XP_029035368.1
OG0001423	XP_015178903.1	XP_029048768.1, XP_029048772.1, XP_029048771.1, XP_029048770.1, XP_029048764.1, XP_029048765.1, XP_029048767.1, XP_029048769.1, XP_029048773.1
OG0001424	XP_015184776.1	XP_029050173.1, XP_029050174.1
OG0001425	XP_015188537.1	XP_029042495.1
OG0001426	XP_015179662.1	XP_029044523.1
OG0001427	XP_015175865.1	XP_029034274.1, XP_029032743.1
OG0001428	XP_015172866.1	XP_029048751.1
OG0001429	XP_015171681.1	XP_029053294.1
OG0001430	XP_015179975.1	XP_029045969.1
OG0001432	XP_015178042.1	XP_029040225.1
OG0001433	XP_015180891.1, XP_015180890.1, XP_015180889.1	XP_029046760.1, XP_029046759.1, XP_029046762.1, XP_029046761.1
OG0001434	XP_015171792.1, XP_015171780.1, XP_015185559.1	XP_029055958.1
OG0001436	XP_015179615.1	XP_029039039.1
OG0001437	XP_015173073.1, XP_015173075.1, XP_015173074.1	XP_029049522.1
OG0001438	XP_015173771.1, XP_015173773.1	XP_029033232.1, XP_029033234.1, XP_029033233.1
OG0001439	XP_015175391.1	XP_029050191.1, XP_029050175.1, XP_029050182.1, XP_029050199.1
OG0001440	XP_015180748.1	XP_029052701.1, XP_029052700.1
OG0001441	XP_015171136.1	XP_029047093.1, XP_029047091.1, XP_029047094.1
OG0001442	XP_015181968.1, XP_015181969.1	XP_029046510.1, XP_029046513.1, XP_029046511.1
OG0001443	XP_015183382.1	XP_029034117.1, XP_029034119.1
OG0001444	XP_015190919.1	XP_029055786.1
OG0001445	XP_015178126.1	XP_029048244.1, XP_029048243.1
OG0001446	XP_015178763.1, XP_015178760.1	XP_029033512.1, XP_029033509.1, XP_029033507.1, XP_029033552.1
OG0001448	XP_015171380.1	XP_029049858.1, XP_029049859.1
OG0001449	XP_015174479.1	XP_029035901.1
OG0001450	XP_015184954.1, XP_015184952.1, XP_015184951.1, XP_015184950.1	XP_029056371.1, XP_029056372.1, XP_029056370.1
OG0001451	XP_015191159.1	XP_029037466.1
OG0001453	XP_015178218.1	XP_029032174.1
OG0001455	XP_015188001.1, XP_015188002.1, XP_015188000.1	XP_029035016.1
OG0001456	XP_015173849.1	XP_029056476.1
OG0001457	XP_015184596.1	XP_029054206.1, XP_029054215.1, XP_029054130.1, XP_029054137.1, XP_029054125.1, XP_029054200.1
OG0001458	XP_015175901.1, XP_015175900.1, XP_015175899.1	XP_029037398.1
OG0001459	XP_015171442.1	XP_029055509.1
OG0001460	XP_015190961.1, XP_015190965.1, XP_015190964.1, XP_015190963.1, XP_015190962.1, XP_015190960.1	XP_029036249.1
OG0001461	XP_015176344.1, XP_015176345.1	XP_029036407.1, XP_029036408.1, XP_029036406.1
OG0001462	XP_015191825.1	XP_029038649.1
OG0001463	XP_015177310.1	XP_029053110.1
OG0001464	XP_015188722.1	XP_029040572.1
OG0001465	XP_015173627.1, XP_015173626.1	XP_029056629.1, XP_029056628.1
OG0001466	XP_015191372.1, XP_015191371.1	XP_029041250.1, XP_029040137.1
OG0001467	XP_015191228.1	XP_029032514.1, XP_029032515.1, XP_029032518.1, XP_029032516.1, XP_029032519.1
OG0001468	XP_015182236.1	XP_029043109.1, XP_029043110.1
OG0001469	XP_015173948.1	XP_029037613.1
OG0001470	XP_015183790.1	XP_029038904.1, XP_029038905.1, XP_029038903.1
OG0001471	XP_015173745.1	XP_029033027.1
OG0001473	XP_015187320.1, XP_015187319.1	XP_029034238.1, XP_029034236.1, XP_029034237.1, XP_029034234.1, XP_029034235.1
OG0001474	XP_015177871.1, XP_015177872.1, XP_015177870.1, XP_015177869.1	XP_029039988.1
OG0001475	XP_015190515.1, XP_015190514.1, XP_015190517.1, XP_015190516.1	XP_029037911.1, XP_029037910.1
OG0001476	XP_015175246.1	XP_029049330.1
OG0001477	XP_015184346.1, XP_015184344.1, XP_015184345.1	XP_029040039.1
OG0001478	XP_015191461.1, XP_015191460.1	XP_029055557.1
OG0001479	XP_015183743.1	XP_029044070.1
OG0001480	XP_015183437.1, XP_015183438.1	XP_029047289.1
OG0001481	XP_015188658.1	XP_029033413.1, XP_029033411.1
OG0001482	XP_015172163.1	XP_029051009.1, XP_029051010.1
OG0001483	XP_015181718.1	XP_029053716.1
OG0001484	XP_015175898.1	XP_029037396.1
OG0001485	XP_015178622.1	XP_029056153.1
OG0001486	XP_015175781.1, XP_015175780.1	XP_029048935.1, XP_029048933.1
OG0001487	XP_015182757.1, XP_015182738.1, XP_015182748.1	XP_029040531.1
OG0001488	XP_015181799.1	XP_029050396.1, XP_029050399.1
OG0001489	XP_015176967.1	XP_029034683.1
OG0001490	XP_015178127.1	XP_029042050.1
OG0001491	XP_015172098.1, XP_015172099.1	XP_029037402.1
OG0001492	XP_015174948.1	XP_029051008.1
OG0001493	XP_015191116.1, XP_015191113.1	XP_029033513.1
OG0001494	XP_015188603.1, XP_015188604.1	XP_029042364.1
OG0001495	XP_015178123.1	XP_029035135.1, XP_029035153.1, XP_029035126.1, XP_029035143.1
OG0001496	XP_015186531.1	XP_029054351.1
OG0001497	XP_015182259.1	XP_029048447.1, XP_029048445.1, XP_029048444.1
OG0001498	XP_015171068.1	XP_029036977.1, XP_029036979.1
OG0001499	XP_015177596.1	XP_029040363.1
OG0001500	XP_015185116.1	XP_029038777.1
OG0001501	XP_015185121.1	XP_029055526.1, XP_029055527.1
OG0001502	XP_015186599.1	XP_029055525.1
OG0001503	XP_015183782.1, XP_015183781.1	XP_029049700.1, XP_029049697.1
OG0001504	XP_015185019.1	XP_029052689.1
OG0001505	XP_015174265.1, XP_015174264.1	XP_029048731.1
OG0001506	XP_015182578.1	XP_029041958.1, XP_029041960.1, XP_029041959.1
OG0001507	XP_015177328.1	XP_029040825.1
OG0001507	XP_015177327.1	XP_029040824.1
OG0001508	XP_015177702.1	XP_029033156.1, XP_029033136.1
OG0001509	XP_015185640.1	XP_029035096.1, XP_029035094.1
OG0001510	XP_015185130.1	XP_029048819.1
OG0001511	XP_015182878.1	XP_029055474.1
OG0001512	XP_015189317.1	XP_029042216.1
OG0001512	XP_015189383.1	XP_029042235.1
OG0001513	XP_015186717.1	XP_029048889.1
OG0001514	XP_015176729.1, XP_015176728.1	XP_029037337.1
OG0001515	XP_015177834.1, XP_015177833.1	XP_029055431.1
OG0001517	XP_015183612.1, XP_015183607.1	XP_029046635.1
OG0001518	XP_015189264.1	XP_029032938.1, XP_029032939.1
OG0001519	XP_015175798.1	XP_029048918.1
OG0001520	XP_015187128.1	XP_029056592.1
OG0001521	XP_015180548.1	XP_029048178.1
OG0001522	XP_015175123.1	XP_029046200.1
OG0001523	XP_015180937.1	XP_029036752.1
OG0001524	XP_015186809.1	XP_029033727.1
OG0001525	XP_015184938.1	XP_029045785.1
OG0001526	XP_015178598.1, XP_015178596.1	XP_029039080.1, XP_029039033.1
OG0001527	XP_015173864.1, XP_015173865.1, XP_015173863.1	XP_029039352.1
OG0001529	XP_015174994.1	XP_029046278.1, XP_029046280.1, XP_029046281.1, XP_029046282.1
OG0001530	XP_015176147.1	XP_029033999.1, XP_029033997.1, XP_029034001.1, XP_029034000.1, XP_029034003.1, XP_029034002.1
OG0001531	XP_015184383.1, XP_015187852.1	XP_029045528.1, XP_029045527.1, XP_029045531.1, XP_029045530.1
OG0001532	XP_015183811.1	XP_029047041.1, XP_029047040.1, XP_029047039.1
OG0001533	XP_015189494.1	XP_029039196.1
OG0001534	XP_015189643.1	XP_029042396.1, XP_029042393.1, XP_029042392.1, XP_029042395.1, XP_029042394.1
OG0001535	XP_015186975.1	XP_029041515.1, XP_029041514.1
OG0001536	XP_015186566.1	XP_029043973.1, XP_029043998.1
OG0001537	XP_015188456.1	XP_029041748.1
OG0001538	XP_015186818.1, XP_015189908.1	XP_029043474.1, XP_029043706.1
OG0001539	XP_015189287.1	XP_029052353.1
OG0001540	XP_015191170.1	XP_029038083.1
OG0001541	XP_015178821.1, XP_015178820.1	XP_029032292.1, XP_029032291.1
OG0001542	XP_015172897.1, XP_015172896.1, XP_015172895.1, XP_015172894.1	XP_029032403.1, XP_029032393.1
OG0001543	XP_015176705.1, XP_015176695.1	XP_029054496.1
OG0001545	XP_015190983.1	XP_029037038.1, XP_029037156.1
OG0001546	XP_015185052.1	XP_029042168.1
OG0001547	XP_015181840.1	XP_029040329.1
OG0001548	XP_015185434.1	XP_029047586.1, XP_029047583.1, XP_029047584.1
OG0001549	XP_015188164.1	XP_029036007.1, XP_029036008.1, XP_029036009.1
OG0001551	XP_015171737.1	XP_029055449.1
OG0001552	XP_015187635.1	XP_029032099.1, XP_029032096.1
OG0001553	XP_015182983.1, XP_015182982.1	XP_029055962.1, XP_029055964.1
OG0001554	XP_015177936.1	XP_029050063.1, XP_029050028.1
OG0001555	XP_015171140.1	XP_029036488.1
OG0001556	XP_015186765.1	XP_029044980.1
OG0001557	XP_015175627.1	XP_029035431.1
OG0001558	XP_015191297.1	XP_029050297.1
OG0001559	XP_015183022.1	XP_029041271.1, XP_029041274.1, XP_029041275.1, XP_029041272.1, XP_029041273.1
OG0001560	XP_015190671.1	XP_029041351.1
OG0001561	XP_015191824.1	XP_029045928.1, XP_029045929.1
OG0001562	XP_015182895.1	XP_029035187.1
OG0001563	XP_015181815.1, XP_015181822.1	XP_029036922.1, XP_029036925.1
OG0001564	XP_015189624.1	XP_029054122.1
OG0001565	XP_015174966.1	XP_029052456.1
OG0001567	XP_015184022.1, XP_015184019.1, XP_015184017.1	XP_029036870.1, XP_029036871.1, XP_029036873.1
OG0001568	XP_015171293.1	XP_029036603.1
OG0001569	XP_015179612.1, XP_015179613.1, XP_015179614.1	XP_029039068.1
OG0001570	XP_015189116.1	XP_029042704.1
OG0001571	XP_015186942.1, XP_015186945.1, XP_015186944.1	XP_029049963.1
OG0001572	XP_015178634.1, XP_015178635.1, XP_015178633.1	XP_029056363.1
OG0001573	XP_015176456.1	XP_029037844.1, XP_029037845.1, XP_029037847.1, XP_029037846.1, XP_029037848.1
OG0001574	XP_015188741.1, XP_015188739.1	XP_029052089.1, XP_029052093.1
OG0001575	XP_015187477.1, XP_015187476.1	XP_029047969.1
OG0001576	XP_015189138.1	XP_029040570.1
OG0001577	XP_015181769.1, XP_015181767.1, XP_015181768.1, XP_015181770.1	XP_029046400.1
OG0001578	XP_015172760.1, XP_015172758.1, XP_015172759.1, XP_015172755.1, XP_015172756.1, XP_015172754.1	XP_029048033.1, XP_029048044.1, XP_029048023.1
OG0001579	XP_015182527.1, XP_015182525.1	XP_029040562.1, XP_029040558.1
OG0001580	XP_015187407.1	XP_029047159.1
OG0001581	XP_015187930.1	XP_029040501.1
OG0001582	XP_015183090.1	XP_029047173.1, XP_029047172.1, XP_029047171.1
OG0001583	XP_015180361.1	XP_029036943.1
OG0001584	XP_015176021.1	XP_029034029.1, XP_029034034.1
OG0001585	XP_015191709.1	XP_029055399.1, XP_029055037.1
OG0001586	XP_015185311.1	XP_029034228.1
OG0001587	XP_015191489.1, XP_015190749.1	XP_029032253.1
OG0001588	XP_015179867.1, XP_015179870.1	XP_029048881.1
OG0001590	XP_015172057.1	XP_029051587.1
OG0001591	XP_015174470.1, XP_015174467.1, XP_015174468.1	XP_029038358.1, XP_029038356.1
OG0001592	XP_015187036.1, XP_015187038.1, XP_015187037.1, XP_015187039.1	XP_029037953.1
OG0001593	XP_015181273.1	XP_029052765.1
OG0001594	XP_015188973.1, XP_015188971.1, XP_015188972.1, XP_015188970.1	XP_029055518.1, XP_029055519.1
OG0001595	XP_015189340.1	XP_029047246.1
OG0001596	XP_015191635.1	XP_029051870.1, XP_029051869.1
OG0001597	XP_015178307.1	XP_029041598.1
OG0001598	XP_015190339.1	XP_029035514.1
OG0001600	XP_015172667.1	XP_029041422.1
OG0001601	XP_015171493.1	XP_029051974.1, XP_029051976.1, XP_029051958.1
OG0001602	XP_015183800.1	XP_029036644.1
OG0001603	XP_015176177.1	XP_029047403.1, XP_029047402.1
OG0001604	XP_015188043.1, XP_015188050.1	XP_029044763.1
OG0001606	XP_015172640.1	XP_029048641.1
OG0001607	XP_015184717.1, XP_015184716.1	XP_029042931.1
OG0001608	XP_015187299.1, XP_015187300.1, XP_015187301.1	XP_029035490.1
OG0001609	XP_015188544.1, XP_015188515.1, XP_015188525.1, XP_015188505.1, XP_015188535.1	XP_029035777.1
OG0001610	XP_015183214.1	XP_029036302.1
OG0001611	XP_015189463.1	XP_029038852.1, XP_029038853.1, XP_029038850.1, XP_029038851.1, XP_029038855.1, XP_029038856.1, XP_029038854.1
OG0001612	XP_015190931.1, XP_015190929.1, XP_015190928.1	XP_029051728.1, XP_029051727.1, XP_029051726.1, XP_029051729.1
OG0001614	XP_015176267.1, XP_015176276.1	XP_029035009.1, XP_029034998.1
OG0001615	XP_015182550.1	XP_029041015.1, XP_029041014.1
OG0001616	XP_015178045.1, XP_015178047.1	XP_029048974.1
OG0001617	XP_015190684.1	XP_029052247.1
OG0001619	XP_015190429.1	XP_029048423.1
OG0001620	XP_015188860.1	XP_029049615.1, XP_029049616.1
OG0001621	XP_015190659.1	XP_029053378.1
OG0001622	XP_015186727.1, XP_015186728.1	XP_029041834.1
OG0001623	XP_015190034.1, XP_015190040.1	XP_029045853.1
OG0001624	XP_015176544.1	XP_029033140.1
OG0001625	XP_015177101.1	XP_029046814.1
OG0001626	XP_015176231.1	XP_029039632.1, XP_029039631.1
OG0001627	XP_015172961.1, XP_015172959.1, XP_015172958.1, XP_015172962.1	XP_029052083.1
OG0001628	XP_015171937.1	XP_029035837.1
OG0001629	XP_015172088.1	XP_029038883.1
OG0001630	XP_015178835.1	XP_029045678.1
OG0001631	XP_015177368.1, XP_015177373.1	XP_029042683.1, XP_029042681.1
OG0001632	XP_015189426.1, XP_015189425.1	XP_029045335.1
OG0001633	XP_015182014.1	XP_029050350.1
OG0001635	XP_015179819.1, XP_015179811.1, XP_015179829.1, XP_015179838.1	XP_029049661.1
OG0001636	XP_015178335.1	XP_029041561.1, XP_029041550.1, XP_029041560.1
OG0001637	XP_015189563.1, XP_015188558.1, XP_015188556.1	XP_029049035.1, XP_029049034.1, XP_029049033.1, XP_029049032.1, XP_029049031.1
OG0001638	XP_015179077.1	XP_029033173.1
OG0001639	XP_015175995.1	XP_029041904.1
OG0001640	XP_015180722.1, XP_015184760.1, XP_015184759.1, XP_015184761.1	XP_029043527.1, XP_029044243.1
OG0001641	XP_015171298.1	XP_029043918.1
OG0001642	XP_015178349.1	XP_029041523.1, XP_029041521.1, XP_029041520.1, XP_029041522.1
OG0001643	XP_015187681.1	XP_029043348.1, XP_029043347.1, XP_029043346.1
OG0001645	XP_015180126.1	XP_029044315.1, XP_029044314.1
OG0001646	XP_015172870.1	XP_029033719.1
OG0001647	XP_015183151.1	XP_029045431.1
OG0001648	XP_015188305.1	XP_029050942.1, XP_029050943.1, XP_029050944.1
OG0001649	XP_015174582.1, XP_015174583.1	XP_029041370.1, XP_029041369.1, XP_029041368.1
OG0001650	XP_015172351.1, XP_015172362.1	XP_029037514.1, XP_029037512.1, XP_029037513.1
OG0001651	XP_015178101.1	XP_029048948.1
OG0001652	XP_015172002.1	XP_029041293.1
OG0001653	XP_015182639.1	XP_029044672.1, XP_029044670.1, XP_029044669.1, XP_029044671.1
OG0001655	XP_015177740.1	XP_029055475.1
OG0001656	XP_015182234.1	XP_029031948.1, XP_029031949.1
OG0001657	XP_015185995.1	XP_029035294.1, XP_029035293.1
OG0001658	XP_015172255.1	XP_029033443.1
OG0001659	XP_015178120.1	XP_029036804.1
OG0001660	XP_015181932.1, XP_015181931.1	XP_029050401.1
OG0001661	XP_015174019.1, XP_015174020.1	XP_029047707.1
OG0001662	XP_015187280.1	XP_029045835.1, XP_029045838.1
OG0001663	XP_015188339.1	XP_029039881.1, XP_029039882.1, XP_029039883.1
OG0001664	XP_015171691.1, XP_015171697.1	XP_029045726.1, XP_029045718.1
OG0001665	XP_015173995.1	XP_029038507.1
OG0001666	XP_015173812.1	XP_029035783.1
OG0001668	XP_015184028.1	XP_029036775.1
OG0001669	XP_015190370.1	XP_029035840.1
OG0001670	XP_015171522.1, XP_015171521.1	XP_029032431.1, XP_029032438.1
OG0001671	XP_015190867.1	XP_029051433.1, XP_029051434.1
OG0001672	XP_015172033.1	XP_029038878.1
OG0001673	XP_015180771.1	XP_029038017.1, XP_029038016.1, XP_029038015.1, XP_029038018.1
OG0001674	XP_015184415.1	XP_029050257.1
OG0001675	XP_015190090.1	XP_029043446.1
OG0001676	XP_015171676.1	XP_029055465.1
OG0001677	XP_015173312.1, XP_015173313.1	XP_029041707.1, XP_029041799.1
OG0001678	XP_015176003.1	XP_029047469.1, XP_029047470.1
OG0001679	XP_015174082.1, XP_015174081.1, XP_015174083.1	XP_029048832.1, XP_029048831.1, XP_029048833.1
OG0001680	XP_015179524.1	XP_029033268.1, XP_029033269.1
OG0001681	XP_015180758.1, XP_015180757.1	XP_029036098.1
OG0001682	XP_015177297.1, XP_015177294.1, XP_015177286.1	XP_029052026.1
OG0001685	XP_015178482.1	XP_029037041.1
OG0001686	XP_015182332.1, XP_015182331.1, XP_015182334.1, XP_015182333.1	XP_029049380.1
OG0001687	XP_015176262.1	XP_029044510.1
OG0001688	XP_015179659.1	XP_029039157.1
OG0001689	XP_015177074.1	XP_029043772.1, XP_029043780.1
OG0001690	XP_015186314.1, XP_015186310.1	XP_029043541.1
OG0001691	XP_015177829.1, XP_015177828.1	XP_029041172.1, XP_029041171.1
OG0001692	XP_015190462.1	XP_029042328.1
OG0001693	XP_015172583.1, XP_015172582.1	XP_029041290.1
OG0001694	XP_015180898.1, XP_015180899.1	XP_029047193.1, XP_029047192.1
OG0001695	XP_015178111.1	XP_029036779.1
OG0001696	XP_015182100.1, XP_015182092.1	XP_029040418.1, XP_029040409.1
OG0001697	XP_015184921.1	XP_029045797.1
OG0001698	XP_015188715.1	XP_029040946.1, XP_029040943.1, XP_029040944.1, XP_029040945.1, XP_029054214.1, XP_029047084.1, XP_029054037.1, XP_029055148.1
OG0001699	XP_015191510.1	XP_029041247.1
OG0001700	XP_015184942.1	XP_029056367.1
OG0001701	XP_015181941.1	XP_029047529.1, XP_029047525.1
OG0001702	XP_015179413.1, XP_015179414.1	XP_029048394.1, XP_029048396.1, XP_029048395.1, XP_029048397.1
OG0001703	XP_015184472.1	XP_029053026.1
OG0001704	XP_015178919.1	XP_029056076.1, XP_029056079.1, XP_029056077.1
OG0001705	XP_015189956.1, XP_015189583.1, XP_015189713.1, XP_015189698.1	XP_029054281.1, XP_029054940.1, XP_029053994.1, XP_029054842.1, XP_029054724.1, XP_029054018.1, XP_029054639.1, XP_029054579.1, XP_029053647.1, XP_029054869.1, XP_029054069.1, XP_029053907.1, XP_029053912.1, XP_029054227.1, XP_029053849.1, XP_029054072.1, XP_029054111.1, XP_029053847.1, XP_029054073.1, XP_029055201.1
OG0001705	XP_015189746.1	XP_029053859.1
OG0001706	XP_015186456.1	XP_029043578.1, XP_029043574.1, XP_029043575.1, XP_029043573.1, XP_029043577.1
OG0001707	XP_015185946.1	XP_029040459.1
OG0001708	XP_015174840.1, XP_015174838.1, XP_015174843.1, XP_015174844.1, XP_015174841.1, XP_015174842.1, XP_015174839.1, XP_015174845.1	XP_029041028.1
OG0001709	XP_015171892.1, XP_015171880.1	XP_029050200.1, XP_029050209.1
OG0001711	XP_015179743.1	XP_029042921.1
OG0001712	XP_015186849.1, XP_015186847.1	XP_029035719.1, XP_029035720.1
OG0001713	XP_015184183.1	XP_029048048.1, XP_029048047.1, XP_029048046.1
OG0001714	XP_015173979.1, XP_015173977.1	XP_029050791.1
OG0001715	XP_015179856.1, XP_015179857.1, XP_015179855.1, XP_015179854.1	XP_029033877.1
OG0001716	XP_015181525.1, XP_015181527.1, XP_015181532.1, XP_015181530.1, XP_015181531.1, XP_015181528.1, XP_015181529.1	XP_029040492.1
OG0001717	XP_015172875.1	XP_029033708.1, XP_029033699.1, XP_029033691.1
OG0001718	XP_015186676.1, XP_015186675.1, XP_015186674.1	XP_029051687.1
OG0001719	XP_015189226.1	XP_029037938.1, XP_029037939.1
OG0001720	XP_015187771.1	XP_029046381.1, XP_029046380.1, XP_029046379.1
OG0001722	XP_015183513.1	XP_029048706.1, XP_029048702.1, XP_029048703.1, XP_029048704.1, XP_029048705.1, XP_029048707.1
OG0001723	XP_015179054.1	XP_029039495.1
OG0001724	XP_015175280.1, XP_015175279.1	XP_029036442.1, XP_029036443.1
OG0001725	XP_015182838.1	XP_029045224.1
OG0001726	XP_015183554.1	XP_029041968.1
OG0001727	XP_015175104.1	XP_029044570.1
OG0001728	XP_015190161.1	XP_029046665.1, XP_029046657.1
OG0001729	XP_015187677.1, XP_015187674.1, XP_015187673.1, XP_015187676.1, XP_015187675.1	XP_029050566.1
OG0001730	XP_015186424.1	XP_029035550.1
OG0001731	XP_015186461.1, XP_015186460.1	XP_029048092.1
OG0001732	XP_015179252.1, XP_015179256.1	XP_029043901.1
OG0001733	XP_015181621.1	XP_029040692.1
OG0001734	XP_015174635.1, XP_015174634.1	XP_029041078.1, XP_029041085.1, XP_029041093.1, XP_029041102.1
OG0001735	XP_015188127.1	XP_029034196.1, XP_029034197.1
OG0001736	XP_015181565.1	XP_029049568.1
OG0001737	XP_015187076.1	XP_029047424.1, XP_029047422.1, XP_029047423.1
OG0001738	XP_015174058.1	XP_029034270.1
OG0001739	XP_015178550.1	XP_029047535.1
OG0001740	XP_015188917.1, XP_015188913.1	XP_029045700.1, XP_029045692.1
OG0001741	XP_015172220.1	XP_029034269.1, XP_029034268.1
OG0001742	XP_015178632.1, XP_015178629.1, XP_015178628.1	XP_029056342.1
OG0001743	XP_015172123.1	XP_029049959.1, XP_029049960.1, XP_029049958.1
OG0001744	XP_015176642.1	XP_029034818.1, XP_029034819.1
OG0001745	XP_015181631.1, XP_015181632.1	XP_029049388.1, XP_029049386.1
OG0001746	XP_015177893.1	XP_029045290.1
OG0001747	XP_015189491.1, XP_015189492.1	XP_029044869.1, XP_029044868.1, XP_029044870.1
OG0001748	XP_015187137.1	XP_029032073.1, XP_029032064.1
OG0001749	XP_015176030.1	XP_029040788.1, XP_029040793.1
OG0001750	XP_015171096.1, XP_015171107.1, XP_015171086.1	XP_029044823.1, XP_029044825.1
OG0001751	XP_015178965.1	XP_029056586.1, XP_029056587.1
OG0001752	XP_015190353.1, XP_015190354.1	XP_029039201.1
OG0001753	XP_015172267.1	XP_029050541.1
OG0001754	XP_015179044.1	XP_029040725.1
OG0001755	XP_015181109.1	XP_029052414.1, XP_029052415.1
OG0001756	XP_015178162.1	XP_029035240.1
OG0001757	XP_015180560.1, XP_015180559.1	XP_029036070.1
OG0001758	XP_015178263.1	XP_029042180.1, XP_029042177.1, XP_029042178.1, XP_029042179.1
OG0001759	XP_015184280.1	XP_029032105.1
OG0001760	XP_015188230.1	XP_029048484.1
OG0001762	XP_015182502.1	XP_029040564.1
OG0001763	XP_015183777.1, XP_015183776.1	XP_029053396.1
OG0001764	XP_015171787.1	XP_029046456.1
OG0001765	XP_015186387.1	XP_029039005.1, XP_029039004.1, XP_029039003.1
OG0001767	XP_015184699.1, XP_015184700.1	XP_029048720.1
OG0001768	XP_015179106.1	XP_029039800.1
OG0001769	XP_015183571.1	XP_029034136.1
OG0001772	XP_015182109.1	XP_029052279.1
OG0001774	XP_015172916.1, XP_015172915.1, XP_015172655.1	XP_029045460.1
OG0001775	XP_015190417.1	XP_029042334.1, XP_029042333.1
OG0001776	XP_015182852.1, XP_015182851.1, XP_015182850.1	XP_029052622.1
OG0001777	XP_015182894.1	XP_029033694.1, XP_029033498.1
OG0001778	XP_015184509.1, XP_015184510.1	XP_029036678.1
OG0001779	XP_015190052.1	XP_029040462.1
OG0001780	XP_015172198.1	XP_029050706.1
OG0001781	XP_015181541.1	XP_029053291.1
OG0001782	XP_015182964.1	XP_029048493.1
OG0001783	XP_015177531.1	XP_029047303.1
OG0001784	XP_015191381.1, XP_015191380.1	XP_029050306.1
OG0001785	XP_015183238.1	XP_029045993.1, XP_029046001.1
OG0001786	XP_015181662.1	XP_029037857.1, XP_029037856.1
OG0001787	XP_015189726.1, XP_015189724.1, XP_015189725.1	XP_029050564.1, XP_029050565.1, XP_029050563.1
OG0001788	XP_015176807.1	XP_029048755.1
OG0001789	XP_015172016.1	XP_029036577.1, XP_029036575.1
OG0001790	XP_015173377.1	XP_029050003.1, XP_029050002.1
OG0001791	XP_015190967.1	XP_029041575.1, XP_029041576.1
OG0001792	XP_015173089.1	XP_029033135.1, XP_029033137.1
OG0001793	XP_015181906.1, XP_015181905.1	XP_029050447.1
OG0001794	XP_015172744.1	XP_029041647.1
OG0001794	XP_015172746.1	XP_029041595.1
OG0001795	XP_015187606.1	XP_029036342.1
OG0001796	XP_015181575.1	XP_029045166.1
OG0001797	XP_015174317.1, XP_015174316.1, XP_015174318.1	XP_029042045.1
OG0001799	XP_015181058.1	XP_029046350.1
OG0001800	XP_015182626.1	XP_029047399.1
OG0001801	XP_015189112.1	XP_029042699.1
OG0001802	XP_015184099.1	XP_029043170.1
OG0001803	XP_015173684.1	XP_029042974.1, XP_029042973.1, XP_029042972.1, XP_029042971.1
OG0001804	XP_015172505.1	XP_029036643.1
OG0001805	XP_015183215.1	XP_029043315.1
OG0001806	XP_015172073.1	XP_029054142.1, XP_029054141.1
OG0001807	XP_015175022.1	XP_029040769.1
OG0001808	XP_015178818.1, XP_015178817.1	XP_029032074.1
OG0001809	XP_015191458.1	XP_029055565.1
OG0001810	XP_015187768.1	XP_029041184.1, XP_029041181.1
OG0001811	XP_015179133.1, XP_015179132.1	XP_029046125.1
OG0001812	XP_015184446.1	XP_029039791.1
OG0001813	XP_015176884.1, XP_015176882.1	XP_029044198.1
OG0001814	XP_015189098.1	XP_029042421.1, XP_029045552.1
OG0001815	XP_015187920.1	XP_029040479.1
OG0001816	XP_015182630.1	XP_029044832.1, XP_029044831.1, XP_029044829.1
OG0001817	XP_015175196.1	XP_029033248.1, XP_029033247.1
OG0001818	XP_015172030.1	XP_029038479.1, XP_029038480.1, XP_029038477.1
OG0001819	XP_015172254.1	XP_029033511.1
OG0001820	XP_015191623.1, XP_015191616.1	XP_029051864.1
OG0001821	XP_015181495.1, XP_015181492.1	XP_029040388.1
OG0001822	XP_015171073.1	XP_029046426.1, XP_029046425.1
OG0001823	XP_015176859.1	XP_029036949.1
OG0001824	XP_015189023.1	XP_029031980.1, XP_029031977.1
OG0001825	XP_015185295.1, XP_015185294.1	XP_029032081.1
OG0001826	XP_015177308.1	XP_029053086.1
OG0001827	XP_015182624.1, XP_015182623.1, XP_015182625.1	XP_029036559.1
OG0001828	XP_015174436.1	XP_029048531.1
OG0001829	XP_015178827.1	XP_029047842.1, XP_029047841.1
OG0001830	XP_015178071.1	XP_029042153.1
OG0001831	XP_015174645.1, XP_015174646.1, XP_015174647.1	XP_029045342.1
OG0001832	XP_015181212.1	XP_029052768.1, XP_029052767.1, XP_029052766.1, XP_029052769.1
OG0001833	XP_015181683.1	XP_029045272.1
OG0001834	XP_015182779.1	XP_029042694.1, XP_029042695.1
OG0001835	XP_015183122.1	XP_029047233.1
OG0001836	XP_015180630.1, XP_015180614.1	XP_029037552.1, XP_029037559.1
OG0001837	XP_015189164.1	XP_029037380.1, XP_029037381.1
OG0001838	XP_015180604.1, XP_015180605.1	XP_029051146.1, XP_029051147.1
OG0001839	XP_015174931.1	XP_029050310.1
OG0001840	XP_015178155.1	XP_029042173.1
OG0001841	XP_015184784.1, XP_015184800.1, XP_015184809.1, XP_015184791.1	XP_029036470.1
OG0001843	XP_015189252.1	XP_029047793.1
OG0001844	XP_015186283.1, XP_015186282.1	XP_029043545.1
OG0001845	XP_015171481.1, XP_015171482.1, XP_015171479.1, XP_015171480.1, XP_015171483.1	XP_029046828.1
OG0001846	XP_015179950.1	XP_029055818.1, XP_029055810.1
OG0001847	XP_015177683.1	XP_029040367.1
OG0001848	XP_015171583.1	XP_029055489.1, XP_029055490.1
OG0001849	XP_015173371.1, XP_015173373.1, XP_015173368.1, XP_015173370.1, XP_015173369.1, XP_015173374.1	XP_029053171.1
OG0001850	XP_015191837.1	XP_029037643.1
OG0001851	XP_015184861.1	XP_029045173.1, XP_029045174.1, XP_029045172.1
OG0001852	XP_015177102.1	XP_029049682.1
OG0001853	XP_015179541.1	XP_029043094.1
OG0001854	XP_015186318.1	XP_029045247.1
OG0001855	XP_015188895.1	XP_029041716.1
OG0001856	XP_015172642.1	XP_029039272.1
OG0001857	XP_015174873.1	XP_029041402.1
OG0001857	XP_015174875.1	XP_029041407.1
OG0001858	XP_015181165.1	XP_029044979.1, XP_029044977.1
OG0001859	XP_015177708.1	XP_029043804.1, XP_029043803.1
OG0001860	XP_015175115.1, XP_015175116.1, XP_015175118.1, XP_015175117.1	XP_029050093.1, XP_029050098.1
OG0001861	XP_015183897.1	XP_029048687.1
OG0001862	XP_015176316.1	XP_029048904.1, XP_029048903.1
OG0001863	XP_015189022.1	XP_029035027.1, XP_029035029.1, XP_029035026.1
OG0001864	XP_015191388.1	XP_029048578.1
OG0001865	XP_015177898.1, XP_015177903.1	XP_029053119.1, XP_029053120.1, XP_029053121.1
OG0001866	XP_015179699.1	XP_029043436.1, XP_029043437.1
OG0001867	XP_015173866.1	XP_029048154.1
OG0001868	XP_015182245.1	XP_029048430.1
OG0001869	XP_015184920.1	XP_029045809.1
OG0001870	XP_015188975.1	XP_029055542.1
OG0001871	XP_015184971.1	XP_029048416.1
OG0001872	XP_015185508.1	XP_029041112.1, XP_029041932.1
OG0001873	XP_015176909.1, XP_015176900.1, XP_015176926.1, XP_015176918.1	XP_029038144.1
OG0001874	XP_015181225.1	XP_029050759.1, XP_029050674.1, XP_029048285.1, XP_029048199.1
OG0001875	XP_015180928.1	XP_029036827.1
OG0001876	XP_015185316.1	XP_029037790.1, XP_029037792.1, XP_029037791.1
OG0001877	XP_015179522.1	XP_029037014.1, XP_029037017.1
OG0001878	XP_015171151.1	XP_029042381.1, XP_029042382.1
OG0001879	XP_015171396.1, XP_015171398.1, XP_015171397.1, XP_015171399.1	XP_029040642.1, XP_029040643.1
OG0001880	XP_015172835.1	XP_029047497.1
OG0001881	XP_015174193.1, XP_015174194.1, XP_015174192.1	XP_029048014.1, XP_029048013.1, XP_029048015.1
OG0001882	XP_015184076.1	XP_029043070.1
OG0001883	XP_015184878.1	XP_029041441.1, XP_029041478.1, XP_029041459.1, XP_029041468.1, XP_029041450.1
OG0001884	XP_015176448.1	XP_029048604.1, XP_029048600.1
OG0001885	XP_015173241.1	XP_029050007.1
OG0001886	XP_015179758.1, XP_015179757.1, XP_015179756.1	XP_029035856.1, XP_029035853.1
OG0001887	XP_015175304.1	XP_029034869.1
OG0001888	XP_015172515.1	XP_029052172.1
OG0001889	XP_015183494.1	XP_029032338.1
OG0001890	XP_015173409.1	XP_029041889.1
OG0001891	XP_015178248.1	XP_029048182.1, XP_029048179.1
OG0001892	XP_015176599.1	XP_029054568.1, XP_029054569.1
OG0001893	XP_015178509.1	XP_029051123.1
OG0001894	XP_015184100.1	XP_029035313.1
OG0001895	XP_015172410.1	XP_029050588.1
OG0001896	XP_015188572.1	XP_029048990.1, XP_029048991.1, XP_029048993.1, XP_029048994.1, XP_029048992.1
OG0001897	XP_015184071.1, XP_015184072.1	XP_029040323.1
OG0001898	XP_015190841.1	XP_029039449.1
OG0001899	XP_015186838.1, XP_015186837.1, XP_015186839.1, XP_015186840.1	XP_029049778.1
OG0001900	XP_015172465.1	XP_029043142.1, XP_029043141.1
OG0001901	XP_015183753.1	XP_029049689.1, XP_029049690.1, XP_029049688.1
OG0001902	XP_015191182.1	XP_029056464.1
OG0001903	XP_015181389.1	XP_029040083.1, XP_029040086.1, XP_029040084.1, XP_029040082.1
OG0001905	XP_015185923.1	XP_029052559.1, XP_029052558.1, XP_029052557.1, XP_029052555.1
OG0001906	XP_015176835.1	XP_029051442.1
OG0001907	XP_015177182.1	XP_029044692.1, XP_029044691.1
OG0001908	XP_015186132.1, XP_015186130.1, XP_015186129.1	XP_029040274.1, XP_029040149.1
OG0001909	XP_015177471.1	XP_029036476.1, XP_029036483.1
OG0001910	XP_015171741.1	XP_029034352.1
OG0001912	XP_015175178.1	XP_029046216.1, XP_029046214.1
OG0001913	XP_015175176.1, XP_015175174.1	XP_029032843.1
OG0001914	XP_015187649.1	XP_029056593.1
OG0001915	XP_015191657.1, XP_015191659.1	XP_029046058.1
OG0001916	XP_015173586.1	XP_029033073.1
OG0001917	XP_015186077.1, XP_015186078.1, XP_015186080.1	XP_029036315.1
OG0001918	XP_015175251.1	XP_029034580.1
OG0001918	XP_015175250.1	XP_029034579.1
OG0001919	XP_015181481.1	XP_029032893.1
OG0001920	XP_015186981.1	XP_029045605.1, XP_029045604.1
OG0001921	XP_015184705.1	XP_029056502.1, XP_029056500.1, XP_029056501.1
OG0001922	XP_015181655.1	XP_029044040.1, XP_029044039.1
OG0001923	XP_015173943.1	XP_029056253.1, XP_029056252.1, XP_029056250.1, XP_029056254.1, XP_029056251.1, XP_029056248.1
OG0001924	XP_015182393.1	XP_029042432.1, XP_029042434.1
OG0001925	XP_015188258.1	XP_029036296.1, XP_029036297.1
OG0001926	XP_015177247.1, XP_015177246.1	XP_029050772.1
OG0001927	XP_015173319.1	XP_029045258.1
OG0001928	XP_015174352.1	XP_029047699.1
OG0001929	XP_015188549.1	XP_029049000.1, XP_029048999.1, XP_029049001.1
OG0001930	XP_015186481.1	XP_029039778.1, XP_029039779.1, XP_029039777.1
OG0001931	XP_015188196.1	XP_029032988.1, XP_029032989.1
OG0001933	XP_015187502.1	XP_029055575.1
OG0001934	XP_015178211.1, XP_015178161.1	XP_029037263.1
OG0001935	XP_015176604.1	XP_029040732.1, XP_029040731.1
OG0001937	XP_015185094.1	XP_029047849.1
OG0001938	XP_015179969.1	XP_029052503.1, XP_029052504.1, XP_029052502.1
OG0001939	XP_015175414.1	XP_029043390.1
OG0001941	XP_015175093.1, XP_015175086.1	XP_029037157.1
OG0001942	XP_015173382.1	XP_029056072.1, XP_029056062.1
OG0001943	XP_015184456.1, XP_015184455.1	XP_029053347.1
OG0001944	XP_015184304.1	XP_029051699.1
OG0001945	XP_015173926.1, XP_015173928.1	XP_029037377.1
OG0001946	XP_015178438.1	XP_029049171.1, XP_029049167.1
OG0001947	XP_015185978.1	XP_029037722.1, XP_029037720.1
OG0001948	XP_015187833.1, XP_015187832.1	XP_029034402.1, XP_029034401.1, XP_029034403.1
OG0001950	XP_015189119.1, XP_015189118.1	XP_029050057.1
OG0001951	XP_015171087.1	XP_029033344.1
OG0001952	XP_015187849.1	XP_029049580.1
OG0001953	XP_015189355.1	XP_029050129.1, XP_029042236.1
OG0001954	XP_015178926.1	XP_029041675.1, XP_029041673.1, XP_029041676.1
OG0001955	XP_015189220.1	XP_029037833.1
OG0001956	XP_015177852.1	XP_029039339.1, XP_029039338.1
OG0001957	XP_015176367.1	XP_029038629.1
OG0001959	XP_015183053.1, XP_015183227.1	XP_029036580.1
OG0001960	XP_015191311.1	XP_029048599.1
OG0001961	XP_015176951.1	XP_029052705.1
OG0001963	XP_015178671.1	XP_029051642.1, XP_029051641.1, XP_029051640.1
OG0001964	XP_015185506.1	XP_029046096.1
OG0001965	XP_015188667.1, XP_015188707.1	XP_029055381.1
OG0001966	XP_015179595.1	XP_029043427.1
OG0001967	XP_015190634.1, XP_015190635.1, XP_015190632.1	XP_029055833.1, XP_029055832.1
OG0001968	XP_015180922.1	XP_029045999.1
OG0001969	XP_015172127.1	XP_029049419.1
OG0001970	XP_015179592.1, XP_015179590.1	XP_029039053.1
OG0001971	XP_015187399.1	XP_029050456.1, XP_029050455.1
OG0001973	XP_015171108.1, XP_015171109.1	XP_029052925.1, XP_029052923.1
OG0001975	XP_015190920.1	XP_029036247.1, XP_029036246.1
OG0001976	XP_015186881.1, XP_015186879.1, XP_015186880.1	XP_029044624.1
OG0001977	XP_015178741.1	XP_029051592.1
OG0001978	XP_015186454.1, XP_015186450.1	XP_029040668.1
OG0001980	XP_015172239.1	XP_029052213.1, XP_029052203.1
OG0001981	XP_015178508.1	XP_029038786.1
OG0001982	XP_015179983.1	XP_029038978.1, XP_029038976.1, XP_029038977.1, XP_029038975.1, XP_029038980.1
OG0001983	XP_015186826.1	XP_029049827.1
OG0001984	XP_015179979.1, XP_015173123.1	XP_029042957.1, XP_029042956.1
OG0001987	XP_015184561.1	XP_029044998.1, XP_029044999.1, XP_029044997.1
OG0001988	XP_015171751.1	XP_029055506.1, XP_029055505.1
OG0001989	XP_015191507.1	XP_029053234.1
OG0001991	XP_015182325.1	XP_029049382.1, XP_029049384.1, XP_029049383.1
OG0001992	XP_015182726.1	XP_029037031.1, XP_029037032.1
OG0001993	XP_015189999.1	XP_029040995.1, XP_029040996.1, XP_029040994.1
OG0001994	XP_015174737.1	XP_029045068.1
OG0001995	XP_015187522.1	XP_029042245.1
OG0001996	XP_015191471.1	XP_029040956.1
OG0001997	XP_015176362.1	XP_029049977.1
OG0001998	XP_015171608.1	XP_029035619.1
OG0001999	XP_015189100.1	XP_029045563.1, XP_029042449.1
OG0002000	XP_015175539.1, XP_015175540.1, XP_015175541.1	XP_029041055.1
OG0002001	XP_015171295.1, XP_015171286.1	XP_029052793.1
OG0002002	XP_015189974.1, XP_015189923.1	XP_029047674.1
OG0002003	XP_015191312.1	XP_029048595.1
OG0002004	XP_015184488.1, XP_015184485.1, XP_015184486.1, XP_015184489.1, XP_015184490.1	XP_029045839.1
OG0002005	XP_015191528.1	XP_029050228.1
OG0002006	XP_015171621.1	XP_029052802.1
OG0002007	XP_015175387.1	XP_029042124.1, XP_029042137.1
OG0002009	XP_015171301.1, XP_015171300.1	XP_029043919.1
OG0002010	XP_015186184.1	XP_029045105.1
OG0002011	XP_015173491.1, XP_015173490.1, XP_015173489.1	XP_029032960.1
OG0002012	XP_015183509.1	XP_029036287.1
OG0002013	XP_015185440.1, XP_015185439.1, XP_015185441.1	XP_029038171.1
OG0002014	XP_015177048.1	XP_029049249.1, XP_029049235.1
OG0002015	XP_015190658.1, XP_015190657.1, XP_015190655.1, XP_015190656.1	XP_029042788.1, XP_029042789.1, XP_029042790.1, XP_029042791.1
OG0002016	XP_015171523.1	XP_029054454.1
OG0002017	XP_015179342.1	XP_029052496.1
OG0002018	XP_015175219.1	XP_029052993.1
OG0002019	XP_015171673.1	XP_029049772.1
OG0002020	XP_015182556.1	XP_029032679.1, XP_029032672.1
OG0002021	XP_015175193.1	XP_029052655.1, XP_029052663.1, XP_029052674.1
OG0002022	XP_015188995.1	XP_029032981.1
OG0002023	XP_015181142.1	XP_029049945.1, XP_029049943.1
OG0002024	XP_015178190.1	XP_029036015.1
OG0002025	XP_015182776.1	XP_029034323.1
OG0002026	XP_015175844.1	XP_029050487.1
OG0002027	XP_015174092.1, XP_015174085.1	XP_029045260.1
OG0002028	XP_015177836.1	XP_029035230.1, XP_029035231.1
OG0002029	XP_015184188.1, XP_015184187.1	XP_029049852.1, XP_029050726.1
OG0002030	XP_015176640.1	XP_029034727.1
OG0002032	XP_015179900.1, XP_015179899.1	XP_029046713.1, XP_029046709.1
OG0002033	XP_015175752.1	XP_029047647.1
OG0002034	XP_015187701.1, XP_015187700.1	XP_029053473.1, XP_029053472.1
OG0002036	XP_015188208.1, XP_015189027.1	XP_029031953.1, XP_029031952.1
OG0002037	XP_015175060.1, XP_015188620.1	XP_029051984.1
OG0002038	XP_015189514.1	XP_029034993.1
OG0002039	XP_015188408.1, XP_015187737.1	XP_029052743.1
OG0002040	XP_015183117.1	XP_029037655.1, XP_029037656.1
OG0002041	XP_015189240.1, XP_015189241.1	XP_029034595.1, XP_029034597.1, XP_029034596.1
OG0002042	XP_015177555.1	XP_029037435.1
OG0002043	XP_015171357.1	XP_029038149.1
OG0002044	XP_015176363.1	XP_029044454.1
OG0002045	XP_015181595.1	XP_029038475.1
OG0002046	XP_015179759.1	XP_029035860.1
OG0002047	XP_015191191.1	XP_029047980.1
OG0002048	XP_015174213.1, XP_015174207.1	XP_029034257.1, XP_029034247.1
OG0002049	XP_015176996.1	XP_029045092.1
OG0002050	XP_015176017.1	XP_029047468.1
OG0002051	XP_015175468.1	XP_029055947.1
OG0002052	XP_015171588.1	XP_029039200.1
OG0002053	XP_015175420.1, XP_015175419.1	XP_029032752.1
OG0002054	XP_015188494.1	XP_029039271.1, XP_029039268.1
OG0002055	XP_015177844.1	XP_029047682.1, XP_029039906.1, XP_029052417.1
OG0002056	XP_015181642.1	XP_029049390.1
OG0002057	XP_015189472.1	XP_029045426.1, XP_029045424.1, XP_029045427.1
OG0002058	XP_015173891.1	XP_029035452.1
OG0002059	XP_015185576.1	XP_029032800.1
OG0002060	XP_015186333.1, XP_015186336.1	XP_029038247.1, XP_029038250.1
OG0002061	XP_015173836.1	XP_029047217.1
OG0002062	XP_015189037.1, XP_015189036.1, XP_015189035.1	XP_029046973.1
OG0002063	XP_015174763.1	XP_029040517.1
OG0002064	XP_015188742.1	XP_029052106.1, XP_029052107.1
OG0002065	XP_015175999.1, XP_015176000.1, XP_015175998.1, XP_015175997.1	XP_029041901.1
OG0002066	XP_015179153.1	XP_029040918.1, XP_029040919.1
OG0002067	XP_015182815.1	XP_029045229.1
OG0002068	XP_015191343.1	XP_029056546.1
OG0002069	XP_015181184.1	XP_029051814.1
OG0002070	XP_015173165.1, XP_015173166.1, XP_015173167.1	XP_029043227.1, XP_029043226.1
OG0002071	XP_015178989.1	XP_029032309.1
OG0002072	XP_015180591.1	XP_029052878.1, XP_029052879.1
OG0002073	XP_015183910.1	XP_029050318.1
OG0002074	XP_015181258.1	XP_029053252.1, XP_029053244.1
OG0002075	XP_015171660.1	XP_029045743.1
OG0002076	XP_015187995.1	XP_029047150.1
OG0002077	XP_015173566.1	XP_029033041.1
OG0002078	XP_015191241.1	XP_029042635.1
OG0002079	XP_015191707.1	XP_029054984.1, XP_029055387.1, XP_029055380.1, XP_029055371.1, XP_029054912.1, XP_029054944.1
OG0002080	XP_015183112.1	XP_029047198.1
OG0002081	XP_015173147.1	XP_029052297.1
OG0002082	XP_015178037.1	XP_029048091.1, XP_029048090.1
OG0002083	XP_015186438.1	XP_029039991.1
OG0002084	XP_015173800.1, XP_015173796.1, XP_015173798.1, XP_015173797.1, XP_015173801.1	XP_029038605.1
OG0002085	XP_015182656.1, XP_015182655.1	XP_029042716.1
OG0002086	XP_015188119.1	XP_029039847.1, XP_029039849.1, XP_029039846.1
OG0002087	XP_015174827.1, XP_015174829.1, XP_015174828.1, XP_015174830.1	XP_029042330.1
OG0002088	XP_015186423.1	XP_029034430.1
OG0002089	XP_015172491.1	XP_029032834.1
OG0002090	XP_015179015.1, XP_015179014.1	XP_029037578.1, XP_029037577.1
OG0002091	XP_015176656.1	XP_029045077.1, XP_029045076.1, XP_029045078.1
OG0002092	XP_015185208.1	XP_029048628.1
OG0002093	XP_015187945.1, XP_015187946.1	XP_029032079.1
OG0002094	XP_015178846.1	XP_029051594.1
OG0002095	XP_015178723.1	XP_029036198.1, XP_029036200.1, XP_029036199.1
OG0002096	XP_015184909.1	XP_029047812.1, XP_029047813.1
OG0002097	XP_015176521.1, XP_015176540.1, XP_015176515.1, XP_015176549.1, XP_015176531.1, XP_015176558.1	XP_029036899.1
OG0002098	XP_015179070.1	XP_029044789.1
OG0002099	XP_015172617.1	XP_029038525.1, XP_029038526.1
OG0002100	XP_015177000.1	XP_029051458.1
OG0002101	XP_015184136.1	XP_029037300.1
OG0002102	XP_015180552.1	XP_029042854.1, XP_029042853.1
OG0002103	XP_015174491.1	XP_029032664.1
OG0002104	XP_015178280.1	XP_029052535.1
OG0002105	XP_015180372.1	XP_029055494.1, XP_029053852.1, XP_029053901.1, XP_029055485.1, XP_029055476.1, XP_029055468.1, XP_029053963.1, XP_029054021.1
OG0002106	XP_015176235.1, XP_015176236.1	XP_029041832.1, XP_029041831.1, XP_029041830.1
OG0002107	XP_015189870.1	XP_029046018.1, XP_029046017.1
OG0002108	XP_015178117.1	XP_029044394.1, XP_029044395.1
OG0002109	XP_015185231.1	XP_029038919.1
OG0002110	XP_015185703.1	XP_029032760.1, XP_029032761.1
OG0002111	XP_015176308.1	XP_029033693.1, XP_029033526.1
OG0002113	XP_015183731.1	XP_029047510.1, XP_029047511.1, XP_029051392.1
OG0002114	XP_015180999.1	XP_029046459.1, XP_029046460.1
OG0002115	XP_015179912.1, XP_015179913.1, XP_015179914.1	XP_029032421.1
OG0002116	XP_015177480.1, XP_015177482.1	XP_029053416.1
OG0002117	XP_015172055.1, XP_015172054.1, XP_015172051.1, XP_015172053.1	XP_029035968.1
OG0002118	XP_015173000.1, XP_015172991.1	XP_029047811.1, XP_029047809.1
OG0002119	XP_015176824.1, XP_015176826.1, XP_015176822.1, XP_015176823.1, XP_015176825.1	XP_029037275.1
OG0002120	XP_015175722.1	XP_029048939.1
OG0002121	XP_015185580.1	XP_029036617.1, XP_029036614.1
OG0002122	XP_015185272.1	XP_029041453.1
OG0002123	XP_015188784.1	XP_029049483.1
OG0002124	XP_015180438.1	XP_029050950.1
OG0002125	XP_015183960.1	XP_029051520.1, XP_029051518.1, XP_029051519.1
OG0002126	XP_015172224.1	XP_029053942.1
OG0002127	XP_015187006.1	XP_029041638.1
OG0002128	XP_015184665.1	XP_029052868.1
OG0002129	XP_015181337.1	XP_029040093.1
OG0002130	XP_015185366.1, XP_015185365.1	XP_029040129.1
OG0002131	XP_015171198.1	XP_029049925.1
OG0002131	XP_015171192.1	XP_029049922.1
OG0002132	XP_015186268.1	XP_029043534.1
OG0002134	XP_015174736.1	XP_029038271.1
OG0002136	XP_015188768.1, XP_015188767.1	XP_029048351.1
OG0002137	XP_015177867.1	XP_029045148.1
OG0002138	XP_015173339.1	XP_029036791.1
OG0002139	XP_015173785.1	XP_029039907.1
OG0002140	XP_015174668.1	XP_029050039.1, XP_029050041.1, XP_029050040.1
OG0002141	XP_015188670.1, XP_015188680.1	XP_029046415.1, XP_029046414.1
OG0002142	XP_015179529.1, XP_015179530.1	XP_029048390.1
OG0002143	XP_015174670.1	XP_029050042.1
OG0002144	XP_015183914.1	XP_029044655.1
OG0002145	XP_015187997.1	XP_029042644.1
OG0002146	XP_015191389.1	XP_029056116.1, XP_029056118.1, XP_029056119.1, XP_029056115.1
OG0002147	XP_015190908.1, XP_015190906.1, XP_015190907.1	XP_029041538.1
OG0002148	XP_015182137.1	XP_029052846.1
OG0002149	XP_015178309.1	XP_029043353.1, XP_029043362.1
OG0002150	XP_015183760.1	XP_029049660.1
OG0002151	XP_015183028.1	XP_029056168.1
OG0002152	XP_015173302.1, XP_015173303.1	XP_029048128.1
OG0002153	XP_015174121.1	XP_029037450.1
OG0002154	XP_015180065.1	XP_029045659.1
OG0002155	XP_015174195.1	XP_029034370.1
OG0002156	XP_015190010.1	XP_029033337.1
OG0002157	XP_015190456.1	XP_029035254.1, XP_029035251.1, XP_029035252.1
OG0002158	XP_015174029.1	XP_029045872.1
OG0002159	XP_015171334.1	XP_029041711.1
OG0002160	XP_015191435.1	XP_029037355.1
OG0002161	XP_015178291.1	XP_029036040.1, XP_029036039.1, XP_029036038.1, XP_029036036.1, XP_029036041.1
OG0002163	XP_015180901.1, XP_015180900.1	XP_029047194.1
OG0002164	XP_015185447.1	XP_029045382.1, XP_029045366.1
OG0002165	XP_015185989.1, XP_015185990.1	XP_029035286.1
OG0002166	XP_015179018.1, XP_015179022.1	XP_029052248.1
OG0002167	XP_015182466.1	XP_029032474.1, XP_029032477.1
OG0002168	XP_015184038.1	XP_029054981.1
OG0002169	XP_015187786.1	XP_029046336.1
OG0002170	XP_015176567.1	XP_029045618.1
OG0002171	XP_015179242.1	XP_029039598.1
OG0002172	XP_015182247.1	XP_029056506.1, XP_029056505.1, XP_029056504.1, XP_029056503.1, XP_029056507.1
OG0002173	XP_015189626.1, XP_015189290.1	XP_029047662.1
OG0002174	XP_015182186.1, XP_015182184.1	XP_029053813.1, XP_029053822.1, XP_029053125.1, XP_029053133.1, XP_029053140.1, XP_029053809.1
OG0002175	XP_015187428.1	XP_029052378.1
OG0002177	XP_015187994.1, XP_015187993.1, XP_015187992.1, XP_015187991.1, XP_015187990.1	XP_029051058.1, XP_029051057.1
OG0002178	XP_015180693.1	XP_029051077.1
OG0002179	XP_015179780.1	XP_029046820.1
OG0002180	XP_015179100.1	XP_029054459.1, XP_029054458.1, XP_029054460.1, XP_029054457.1
OG0002181	XP_015181856.1	XP_029037339.1
OG0002182	XP_015181502.1	XP_029054534.1
OG0002183	XP_015185248.1	XP_029042142.1, XP_029042143.1
OG0002184	XP_015171861.1	XP_029046466.1
OG0002185	XP_015177014.1	XP_029035062.1, XP_029035067.1
OG0002186	XP_015182002.1	XP_029051773.1
OG0002187	XP_015173549.1	XP_029033236.1, XP_029033238.1, XP_029033237.1
OG0002188	XP_015176708.1, XP_015176709.1	XP_029042329.1, XP_029042280.1, XP_029042270.1
OG0002189	XP_015190544.1	XP_029052966.1
OG0002190	XP_015188931.1, XP_015188934.1, XP_015188933.1	XP_029050858.1
OG0002191	XP_015181911.1	XP_029050437.1
OG0002192	XP_015184833.1, XP_015184841.1	XP_029042819.1
OG0002193	XP_015186912.1	XP_029043528.1
OG0002194	XP_015172527.1	XP_029047274.1
OG0002195	XP_015187595.1	XP_029048898.1, XP_029048897.1
OG0002196	XP_015189631.1	XP_029037560.1
OG0002197	XP_015176510.1	XP_029054564.1
OG0002198	XP_015191620.1	XP_029035244.1
OG0002199	XP_015182151.1	XP_029052941.1, XP_029052717.1
OG0002201	XP_015185517.1	XP_029039415.1, XP_029039404.1
OG0002202	XP_015180405.1	XP_029042830.1, XP_029042835.1
OG0002203	XP_015190845.1	XP_029038066.1
OG0002204	XP_015178148.1, XP_015178149.1	XP_029042170.1, XP_029042171.1
OG0002205	XP_015183657.1	XP_029050796.1
OG0002206	XP_015183516.1	XP_029044638.1
OG0002208	XP_015183524.1, XP_015183523.1	XP_029035729.1, XP_029035730.1
OG0002209	XP_015175221.1	XP_029049508.1
OG0002211	XP_015183748.1	XP_029051337.1
OG0002212	XP_015180028.1, XP_015180027.1, XP_015180029.1	XP_029047968.1
OG0002213	XP_015191834.1	XP_029044030.1, XP_029044115.1, XP_029045289.1, XP_029045378.1
OG0002214	XP_015181988.1	XP_029050390.1
OG0002217	XP_015174366.1, XP_015174367.1, XP_015174368.1, XP_015174369.1	XP_029049896.1
OG0002218	XP_015181050.1	XP_029056082.1, XP_029056085.1
OG0002219	XP_015182796.1	XP_029056432.1
OG0002220	XP_015184556.1, XP_015184557.1, XP_015184558.1	XP_029048693.1
OG0002222	XP_015175356.1, XP_015175359.1	XP_029052268.1
OG0002223	XP_015182481.1	XP_029047378.1
OG0002224	XP_015186484.1, XP_015186485.1	XP_029034369.1, XP_029034373.1, XP_029034372.1
OG0002225	XP_015181139.1, XP_015181140.1, XP_015181141.1	XP_029049931.1
OG0002226	XP_015185768.1	XP_029035715.1, XP_029035716.1, XP_029035714.1, XP_029035713.1
OG0002227	XP_015190591.1, XP_015190590.1, XP_015190589.1	XP_029036805.1
OG0002228	XP_015175392.1, XP_015175384.1, XP_015175369.1, XP_015175358.1, XP_015175377.1	XP_029049493.1
OG0002229	XP_015186842.1, XP_015186841.1	XP_029049754.1, XP_029049755.1, XP_029049753.1, XP_029049746.1
OG0002230	XP_015184052.1	XP_029032430.1, XP_029032428.1
OG0002236	XP_015172513.1	XP_029032694.1, XP_029032692.1, XP_029032693.1
OG0002237	XP_015187597.1	XP_029048908.1
OG0002238	XP_015184748.1	XP_029042978.1
OG0002239	XP_015191218.1	XP_029050080.1
OG0002240	XP_015183518.1	XP_029033302.1
OG0002241	XP_015179386.1	XP_029039470.1
OG0002242	XP_015183167.1	XP_029054472.1
OG0002243	XP_015184634.1	XP_029048574.1
OG0002244	XP_015180869.1	XP_029033280.1
OG0002245	XP_015179137.1	XP_029046152.1
OG0002246	XP_015181161.1, XP_015181162.1	XP_029051003.1
OG0002247	XP_015180837.1	XP_029032799.1
OG0002248	XP_015191216.1	XP_029050114.1
OG0002249	XP_015185186.1, XP_015185187.1, XP_015185188.1	XP_029055403.1
OG0002250	XP_015171186.1, XP_015171187.1	XP_029033229.1
OG0002251	XP_015185108.1	XP_029055531.1
OG0002252	XP_015180365.1	XP_029042475.1
OG0002253	XP_015174758.1	XP_029037085.1
OG0002254	XP_015176317.1	XP_029048906.1, XP_029048907.1
OG0002255	XP_015186275.1, XP_015186266.1	XP_029038040.1
OG0002256	XP_015185670.1, XP_015185669.1	XP_029035110.1
OG0002257	XP_015187906.1	XP_029042503.1
OG0002258	XP_015185757.1	XP_029035687.1
OG0002259	XP_015175262.1	XP_029051035.1
OG0002260	XP_015183502.1, XP_015183503.1	XP_029047981.1
OG0002261	XP_015188367.1	XP_029036469.1
OG0002262	XP_015183389.1	XP_029051215.1
OG0002263	XP_015184173.1	XP_029034849.1
OG0002264	XP_015187738.1	XP_029052750.1
OG0002265	XP_015175966.1	XP_029032663.1
OG0002267	XP_015179038.1, XP_015179037.1	XP_029035577.1, XP_029035578.1
OG0002268	XP_015172008.1	XP_029035982.1
OG0002269	XP_015191049.1	XP_029055665.1
OG0002270	XP_015179197.1	XP_029046183.1, XP_029046184.1
OG0002271	XP_015173077.1	XP_029033138.1
OG0002272	XP_015176811.1	XP_029032447.1
OG0002273	XP_015185679.1	XP_029051730.1
OG0002274	XP_015175987.1	XP_029044476.1, XP_029044477.1
OG0002275	XP_015182261.1	XP_029043196.1
OG0002276	XP_015172430.1, XP_015172431.1	XP_029032821.1, XP_029032822.1
OG0002277	XP_015171406.1, XP_015171407.1	XP_029038820.1, XP_029038821.1
OG0002278	XP_015178481.1	XP_029049038.1
OG0002279	XP_015172483.1	XP_029048586.1
OG0002280	XP_015176737.1	XP_029037328.1, XP_029037327.1
OG0002281	XP_015182321.1, XP_015182322.1	XP_029035219.1
OG0002282	XP_015186069.1	XP_029031937.1
OG0002283	XP_015179490.1	XP_029047621.1
OG0002284	XP_015180711.1, XP_015180716.1	XP_029051101.1
OG0002285	XP_015176973.1	XP_029039160.1, XP_029039159.1
OG0002286	XP_015176687.1	XP_029042803.1, XP_029042813.1, XP_029042784.1, XP_029042472.1, XP_029042480.1, XP_029042490.1, XP_029042794.1
OG0002287	XP_015185160.1, XP_015185157.1, XP_015185156.1, XP_015185159.1, XP_015185158.1	XP_029038717.1
OG0002288	XP_015187557.1	XP_029042613.1, XP_029042612.1
OG0002289	XP_015190950.1	XP_029032260.1
OG0002290	XP_015181208.1	XP_029047372.1, XP_029047369.1
OG0002292	XP_015189706.1	XP_029037814.1
OG0002293	XP_015187728.1, XP_015187727.1	XP_029041951.1, XP_029041928.1
OG0002294	XP_015181967.1, XP_015181956.1	XP_029037280.1, XP_029040202.1, XP_029040204.1
OG0002295	XP_015178569.1, XP_015178573.1	XP_029056498.1
OG0002296	XP_015191152.1	XP_029047346.1
OG0002297	XP_015180570.1, XP_015180569.1	XP_029036152.1, XP_029036151.1
OG0002298	XP_015182702.1, XP_015182703.1, XP_015182704.1	XP_029046253.1
OG0002299	XP_015175855.1	XP_029044596.1
OG0002300	XP_015174636.1	XP_029056143.1, XP_029056141.1
OG0002301	XP_015191840.1	XP_029045310.1
OG0002302	XP_015175199.1	XP_029049635.1
OG0002303	XP_015188199.1, XP_015188198.1	XP_029036002.1
OG0002304	XP_015171860.1, XP_015171859.1	XP_029048055.1, XP_029048065.1
OG0002305	XP_015172793.1	XP_029043047.1
OG0002306	XP_015171362.1	XP_029042021.1, XP_029042020.1
OG0002307	XP_015182101.1	XP_029040372.1
OG0002308	XP_015183124.1	XP_029039388.1
OG0002309	XP_015183048.1	XP_029037663.1
OG0002310	XP_015181454.1	XP_029038995.1, XP_029038994.1
OG0002311	XP_015171558.1	XP_029032402.1
OG0002312	XP_015177802.1	XP_029049269.1
OG0002313	XP_015184853.1	XP_029032650.1
OG0002314	XP_015178563.1	XP_029038798.1
OG0002315	XP_015190993.1	XP_029045415.1
OG0002316	XP_015176383.1	XP_029037166.1
OG0002317	XP_015182698.1	XP_029033725.1
OG0002318	XP_015183467.1, XP_015183469.1, XP_015183468.1, XP_015183465.1, XP_015183464.1, XP_015183463.1	XP_029055781.1
OG0002319	XP_015180000.1	XP_029040313.1
OG0002320	XP_015176370.1	XP_029045570.1
OG0002321	XP_015182452.1, XP_015182453.1, XP_015182454.1, XP_015182455.1, XP_015182451.1	XP_029035164.1
OG0002322	XP_015185947.1	XP_029049004.1
OG0002323	XP_015173681.1	XP_029042948.1
OG0002324	XP_015182382.1, XP_015182384.1	XP_029034121.1, XP_029034120.1
OG0002325	XP_015188627.1, XP_015188625.1	XP_029039127.1
OG0002326	XP_015176946.1	XP_029038313.1, XP_029038311.1, XP_029038314.1
OG0002327	XP_015187524.1	XP_029041842.1, XP_029041841.1, XP_029041840.1, XP_029041839.1
OG0002328	XP_015173209.1, XP_015173206.1, XP_015173207.1	XP_029051334.1
OG0002329	XP_015190466.1, XP_015190467.1	XP_029034536.1, XP_029034505.1
OG0002331	XP_015179744.1	XP_029043821.1, XP_029043812.1
OG0002332	XP_015186480.1	XP_029053542.1
OG0002333	XP_015174697.1	XP_029049328.1
OG0002334	XP_015171055.1	XP_029046547.1, XP_029046543.1
OG0002335	XP_015180723.1, XP_015180724.1	XP_029036164.1
OG0002336	XP_015172367.1	XP_029035863.1
OG0002337	XP_015177510.1	XP_029037778.1
OG0002338	XP_015185706.1	XP_029051053.1, XP_029051054.1, XP_029051051.1, XP_029051052.1, XP_029051055.1
OG0002339	XP_015178783.1, XP_015178781.1, XP_015178782.1, XP_015178780.1	XP_029033525.1, XP_029033570.1
OG0002340	XP_015180182.1	XP_029040797.1
OG0002341	XP_015174112.1	XP_029035442.1
OG0002342	XP_015175645.1, XP_015175644.1	XP_029053610.1, XP_029053611.1, XP_029053609.1
OG0002343	XP_015185846.1, XP_015185847.1, XP_015185848.1	XP_029040161.1
OG0002344	XP_015186324.1	XP_029052226.1
OG0002345	XP_015182832.1	XP_029041092.1, XP_029041094.1
OG0002346	XP_015171897.1	XP_029038397.1
OG0002347	XP_015186067.1, XP_015186064.1	XP_029036314.1, XP_029036313.1
OG0002348	XP_015187182.1, XP_015187191.1	XP_029039776.1
OG0002349	XP_015177725.1	XP_029033403.1, XP_029033404.1, XP_029033402.1, XP_029033405.1
OG0002350	XP_015191711.1, XP_015191722.1	XP_029039384.1
OG0002351	XP_015175067.1	XP_029039892.1
OG0002352	XP_015178231.1	XP_029035344.1, XP_029035348.1, XP_029035346.1, XP_029035345.1, XP_029035349.1, XP_029035347.1
OG0002353	XP_015186502.1	XP_029047618.1
OG0002354	XP_015179384.1, XP_015179385.1	XP_029045858.1, XP_029045857.1
OG0002355	XP_015180516.1	XP_029037383.1
OG0002356	XP_015188818.1	XP_029033478.1
OG0002358	XP_015182390.1	XP_029033702.1, XP_029033601.1
OG0002359	XP_015188135.1, XP_015188144.1, XP_015188126.1	XP_029042085.1
OG0002360	XP_015177361.1	XP_029045444.1, XP_029045442.1, XP_029045443.1, XP_029045441.1
OG0002361	XP_015175259.1	XP_029051001.1
OG0002362	XP_015177244.1, XP_015177240.1, XP_015177241.1, XP_015177242.1, XP_015177243.1	XP_029050770.1
OG0002363	XP_015190182.1	XP_029042311.1
OG0002364	XP_015181345.1	XP_029037123.1
OG0002365	XP_015172750.1	XP_029032561.1
OG0002366	XP_015173845.1	XP_029047796.1, XP_029047795.1
OG0002367	XP_015179768.1	XP_029052825.1, XP_029052824.1
OG0002368	XP_015175641.1	XP_029053599.1
OG0002369	XP_015188821.1, XP_015188822.1, XP_015188823.1	XP_029033718.1
OG0002370	XP_015176508.1, XP_015176509.1	XP_029050873.1
OG0002371	XP_015183441.1, XP_015183439.1, XP_015183440.1	XP_029051772.1
OG0002372	XP_015179839.1	XP_029045474.1, XP_029045480.1
OG0002373	XP_015186581.1	XP_029039675.1
OG0002374	XP_015178322.1, XP_015178320.1	XP_029038778.1
OG0002375	XP_015175755.1	XP_029049649.1, XP_029049648.1
OG0002376	XP_015183195.1	XP_029044839.1
OG0002377	XP_015188526.1	XP_029049509.1
OG0002378	XP_015183268.1, XP_015189894.1	XP_029039095.1, XP_029039093.1
OG0002379	XP_015171867.1	XP_029046476.1, XP_029046473.1, XP_029046475.1, XP_029046474.1
OG0002380	XP_015186830.1	XP_029049773.1
OG0002381	XP_015180540.1	XP_029042751.1
OG0002382	XP_015191147.1	XP_029050824.1, XP_029050825.1
OG0002383	XP_015175915.1	XP_029055520.1
OG0002384	XP_015185671.1	XP_029039997.1
OG0002385	XP_015188058.1, XP_015188057.1	XP_029047961.1
OG0002386	XP_015181934.1	XP_029056147.1, XP_029056193.1
OG0002387	XP_015172730.1	XP_029034156.1, XP_029034157.1, XP_029034158.1, XP_029034159.1
OG0002388	XP_015175063.1	XP_029032619.1, XP_029032620.1
OG0002389	XP_015178287.1	XP_029032171.1, XP_029032172.1
OG0002390	XP_015186027.1, XP_015186026.1	XP_029039633.1
OG0002391	XP_015171176.1	XP_029048677.1
OG0002392	XP_015181253.1	XP_029053255.1
OG0002393	XP_015174402.1	XP_029048744.1, XP_029048745.1, XP_029048743.1
OG0002394	XP_015182198.1	XP_029040990.1
OG0002395	XP_015188928.1	XP_029046308.1
OG0002396	XP_015190538.1, XP_015188714.1, XP_015189758.1	XP_029054340.1
OG0002397	XP_015182664.1	XP_029054872.1, XP_029054874.1, XP_029054879.1
OG0002398	XP_015187779.1, XP_015187781.1	XP_029034223.1
OG0002399	XP_015185264.1	XP_029046921.1
OG0002400	XP_015188282.1	XP_029049320.1
OG0002401	XP_015182106.1, XP_015182107.1	XP_029049432.1
OG0002402	XP_015190995.1, XP_015190996.1	XP_029043258.1
OG0002403	XP_015183734.1, XP_015183733.1	XP_029049656.1
OG0002404	XP_015174632.1, XP_015174631.1, XP_015174633.1	XP_029041001.1, XP_029041027.1, XP_029041018.1, XP_029041010.1
OG0002405	XP_015189292.1	XP_029039275.1
OG0002406	XP_015176482.1	XP_029046172.1
OG0002408	XP_015183593.1	XP_029049158.1, XP_029049159.1
OG0002409	XP_015186873.1	XP_029039903.1
OG0002410	XP_015188636.1, XP_015188637.1	XP_029032324.1
OG0002411	XP_015172538.1	XP_029046850.1, XP_029046847.1
OG0002412	XP_015184141.1	XP_029036474.1
OG0002413	XP_015184766.1	XP_029034973.1, XP_029034974.1, XP_029034975.1, XP_029034976.1
OG0002414	XP_015174899.1	XP_029032890.1, XP_029032889.1, XP_029032891.1
OG0002415	XP_015178960.1, XP_015178961.1, XP_015178962.1	XP_029043463.1, XP_029043693.1
OG0002416	XP_015186262.1	XP_029032364.1
OG0002417	XP_015174852.1	XP_029049336.1
OG0002418	XP_015182379.1, XP_015182378.1	XP_029056535.1, XP_029056536.1
OG0002419	XP_015186803.1	XP_029035073.1
OG0002420	XP_015176076.1	XP_029042278.1, XP_029042281.1
OG0002421	XP_015173704.1, XP_015173699.1	XP_029056472.1, XP_029056475.1
OG0002422	XP_015189184.1	XP_029038045.1, XP_029038044.1
OG0002423	XP_015182585.1	XP_029039514.1, XP_029039540.1
OG0002424	XP_015181354.1	XP_029040652.1
OG0002425	XP_015190966.1	XP_029039864.1, XP_029039863.1
OG0002426	XP_015174515.1, XP_015174516.1	XP_029047507.1, XP_029047506.1
OG0002427	XP_015183373.1, XP_015183374.1	XP_029044239.1
OG0002428	XP_015171147.1	XP_029032772.1
OG0002429	XP_015181168.1	XP_029043822.1
OG0002430	XP_015177691.1	XP_029041859.1
OG0002431	XP_015176106.1, XP_015176105.1, XP_015176103.1, XP_015176104.1	XP_029040822.1, XP_029040823.1
OG0002432	XP_015178017.1, XP_015177989.1, XP_015177998.1	XP_029045244.1, XP_029045241.1
OG0002433	XP_015174509.1	XP_029038328.1
OG0002433	XP_015174512.1	XP_029038332.1
OG0002434	XP_015181092.1, XP_015181093.1	XP_029056316.1
OG0002435	XP_015180168.1, XP_015180167.1	XP_029044162.1, XP_029044161.1, XP_029044163.1
OG0002436	XP_015174713.1	XP_029050558.1
OG0002437	XP_015191220.1	XP_029042623.1, XP_029042625.1
OG0002438	XP_015187575.1	XP_029040877.1
OG0002438	XP_015187574.1	XP_029040876.1
OG0002439	XP_015178654.1	XP_029039795.1, XP_029039794.1
OG0002440	XP_015175077.1	XP_029047772.1
OG0002441	XP_015178013.1	XP_029037081.1, XP_029037076.1
OG0002442	XP_015188752.1	XP_029052103.1, XP_029052104.1
OG0002443	XP_015183473.1	XP_029038965.1, XP_029038963.1
OG0002444	XP_015177878.1	XP_029039290.1
OG0002445	XP_015185060.1	XP_029041329.1
OG0002446	XP_015176118.1	XP_029050316.1, XP_029050315.1
OG0002447	XP_015180858.1	XP_029051208.1
OG0002448	XP_015173565.1, XP_015173564.1	XP_029033025.1
OG0002449	XP_015181457.1	XP_029040139.1
OG0002450	XP_015175399.1, XP_015175400.1	XP_029055647.1, XP_029045512.1
OG0002451	XP_015177134.1	XP_029055054.1, XP_029055051.1
OG0002452	XP_015186681.1	XP_029037210.1
OG0002453	XP_015174425.1	XP_029038747.1
OG0002454	XP_015180417.1	XP_029049112.1
OG0002455	XP_015184459.1	XP_029052646.1
OG0002456	XP_015184888.1	XP_029037292.1
OG0002457	XP_015184644.1	XP_029048535.1
OG0002458	XP_015191655.1	XP_029036667.1
OG0002459	XP_015183536.1	XP_029043013.1
OG0002460	XP_015173388.1	XP_029051530.1
OG0002461	XP_015184393.1	XP_029051718.1, XP_029051719.1, XP_029051717.1
OG0002462	XP_015187663.1, XP_015187665.1	XP_029034242.1
OG0002466	XP_015171547.1	XP_029037483.1
OG0002467	XP_015191791.1	XP_029045940.1
OG0002469	XP_015187654.1	XP_029053540.1, XP_029053536.1
OG0002471	XP_015183535.1	XP_029043019.1
OG0002472	XP_015183353.1, XP_015183352.1	XP_029045435.1
OG0002473	XP_015183409.1	XP_029039876.1
OG0002474	XP_015187117.1	XP_029040451.1
OG0002475	XP_015185040.1, XP_015185041.1, XP_015185042.1	XP_029051190.1
OG0002476	XP_015191314.1	XP_029053702.1
OG0002477	XP_015188761.1, XP_015188762.1	XP_029046698.1
OG0002478	XP_015190016.1, XP_015190035.1, XP_015189998.1, XP_015190025.1, XP_015190006.1	XP_029047677.1, XP_029047678.1
OG0002479	XP_015179013.1, XP_015179004.1	XP_029047317.1
OG0002480	XP_015178237.1	XP_029048207.1, XP_029048206.1
OG0002481	XP_015175489.1	XP_029037595.1, XP_029037594.1
OG0002482	XP_015172509.1	XP_029051886.1
OG0002483	XP_015186976.1	XP_029044921.1
OG0002484	XP_015184106.1, XP_015184105.1	XP_029054624.1, XP_029054621.1
OG0002485	XP_015183400.1	XP_029039866.1, XP_029039865.1
OG0002486	XP_015184729.1, XP_015184728.1	XP_029045904.1, XP_029045875.1
OG0002487	XP_015173193.1	XP_029043182.1
OG0002488	XP_015172339.1, XP_015172340.1, XP_015172341.1, XP_015172338.1	XP_029041935.1
OG0002489	XP_015186345.1	XP_029038231.1, XP_029038232.1, XP_029038230.1, XP_029038233.1
OG0002490	XP_015178647.1	XP_029034320.1
OG0002491	XP_015189248.1	XP_029052900.1
OG0002492	XP_015174021.1	XP_029049439.1
OG0002493	XP_015190330.1, XP_015190329.1	XP_029035692.1, XP_029035691.1, XP_029035689.1
OG0002494	XP_015182281.1, XP_015182282.1	XP_029044064.1, XP_029044063.1
OG0002495	XP_015174640.1	XP_029054347.1
OG0002496	XP_015172740.1, XP_015172736.1, XP_015172738.1, XP_015172739.1	XP_029034193.1
OG0002497	XP_015176442.1, XP_015176441.1	XP_029052567.1, XP_029052563.1, XP_029052564.1, XP_029052566.1
OG0002498	XP_015183788.1	XP_029048337.1, XP_029053395.1, XP_029051357.1, XP_029053392.1
OG0002500	XP_015180419.1, XP_015180410.1	XP_029048369.1
OG0002501	XP_015175386.1	XP_029045198.1, XP_029045372.1
OG0002502	XP_015174676.1	XP_029045890.1
OG0002503	XP_015177432.1	XP_029034778.1, XP_029034779.1, XP_029034781.1
OG0002507	XP_015187249.1	XP_029052174.1
OG0002508	XP_015186537.1	XP_029044014.1, XP_029043982.1
OG0002509	XP_015180867.1, XP_015180866.1	XP_029056016.1, XP_029055986.1
OG0002510	XP_015181479.1, XP_015181480.1, XP_015181478.1	XP_029053509.1
OG0002511	XP_015188079.1	XP_029041494.1
OG0002512	XP_015177916.1	XP_029046616.1
OG0002513	XP_015182425.1	XP_029054041.1
OG0002515	XP_015178512.1	XP_029051098.1
OG0002516	XP_015171655.1	XP_029055480.1
OG0002517	XP_015181114.1, XP_015181113.1	XP_029041421.1
OG0002518	XP_015176772.1	XP_029051157.1
OG0002519	XP_015176170.1	XP_029050925.1
OG0002520	XP_015171355.1	XP_029052263.1
OG0002521	XP_015178281.1	XP_029052696.1, XP_029052699.1, XP_029052698.1, XP_029052697.1
OG0002522	XP_015190198.1	XP_029037453.1
OG0002523	XP_015171416.1, XP_015171415.1, XP_015186399.1	XP_029039853.1
OG0002524	XP_015186490.1	XP_029043600.1
OG0002525	XP_015188075.1, XP_015188091.1, XP_015188084.1	XP_029036387.1
OG0002526	XP_015184725.1	XP_029035249.1
OG0002527	XP_015180070.1	XP_029045456.1, XP_029045458.1
OG0002528	XP_015184780.1	XP_029050830.1, XP_029050829.1
OG0002529	XP_015173925.1	XP_029045330.1
OG0002530	XP_015187479.1, XP_015187478.1	XP_029033230.1
OG0002531	XP_015189102.1	XP_029055195.1
OG0002532	XP_015187568.1	XP_029048313.1
OG0002533	XP_015173789.1, XP_015173788.1, XP_015173790.1, XP_015173791.1	XP_029047224.1
OG0002534	XP_015172481.1	XP_029051346.1
OG0002535	XP_015186547.1	XP_029039708.1
OG0002536	XP_015181747.1	XP_029040846.1
OG0002537	XP_015185883.1	XP_029037691.1
OG0002538	XP_015180760.1	XP_029036106.1, XP_029036100.1
OG0002539	XP_015191336.1	XP_029050241.1
OG0002540	XP_015177956.1, XP_015177955.1	XP_029037083.1, XP_029037082.1
OG0002541	XP_015171263.1	XP_029052791.1
OG0002542	XP_015180030.1	XP_029033006.1
OG0002543	XP_015188716.1	XP_029055606.1, XP_029055603.1
OG0002544	XP_015175672.1	XP_029053075.1
OG0002545	XP_015187787.1	XP_029041226.1
OG0002546	XP_015171677.1	XP_029055483.1, XP_029055484.1
OG0002547	XP_015187750.1	XP_029047156.1
OG0002548	XP_015180252.1	XP_029044319.1
OG0002549	XP_015183422.1	XP_029040056.1
OG0002550	XP_015180613.1	XP_029035705.1
OG0002551	XP_015182253.1	XP_029035378.1
OG0002552	XP_015176768.1, XP_015176767.1, XP_015176770.1	XP_029052450.1
OG0002553	XP_015186281.1	XP_029055853.1
OG0002554	XP_015190939.1, XP_015190941.1, XP_015190942.1, XP_015190940.1	XP_029038110.1
OG0002555	XP_015182034.1, XP_015182033.1	XP_029055635.1, XP_029055636.1, XP_029055637.1, XP_029055638.1
OG0002556	XP_015178754.1	XP_029045687.1
OG0002557	XP_015172832.1, XP_015172833.1	XP_029034139.1, XP_029034138.1
OG0002558	XP_015172227.1	XP_029039950.1
OG0002559	XP_015179375.1	XP_029052490.1, XP_029052491.1, XP_029052486.1
OG0002560	XP_015174073.1	XP_029044813.1, XP_029044812.1, XP_029044811.1
OG0002561	XP_015173164.1	XP_029043198.1
OG0002562	XP_015187250.1	XP_029052176.1
OG0002563	XP_015185310.1	XP_029046317.1, XP_029046325.1
OG0002564	XP_015178227.1	XP_029032494.1
OG0002565	XP_015181098.1	XP_029045013.1
OG0002566	XP_015185328.1	XP_029034471.1
OG0002567	XP_015175139.1, XP_015175138.1, XP_015175137.1, XP_015175140.1	XP_029049552.1
OG0002568	XP_015176976.1, XP_015176978.1, XP_015176979.1	XP_029045353.1, XP_029045350.1, XP_029045351.1, XP_029045352.1
OG0002569	XP_015184048.1, XP_015184050.1	XP_029035334.1
OG0002570	XP_015176413.1	XP_029047974.1
OG0002571	XP_015189040.1	XP_029047734.1
OG0002572	XP_015191162.1	XP_029039671.1
OG0002573	XP_015182807.1	XP_029055384.1
OG0002574	XP_015171688.1	XP_029038405.1
OG0002575	XP_015190333.1	XP_029037661.1
OG0002576	XP_015186193.1	XP_029045432.1
OG0002577	XP_015182362.1	XP_029054188.1
OG0002578	XP_015171703.1, XP_015171721.1	XP_029044806.1
OG0002579	XP_015188956.1	XP_029042400.1, XP_029042398.1, XP_029042399.1
OG0002581	XP_015175355.1	XP_029040055.1, XP_029040054.1, XP_029040052.1, XP_029040053.1
OG0002582	XP_015184781.1	XP_029032496.1
OG0002583	XP_015187427.1	XP_029040986.1
OG0002584	XP_015174978.1, XP_015174984.1	XP_029046262.1
OG0002585	XP_015172182.1, XP_015172180.1	XP_029041280.1
OG0002586	XP_015173314.1	XP_029032397.1
OG0002587	XP_015175267.1	XP_029036437.1
OG0002588	XP_015171519.1	XP_029055471.1
OG0002589	XP_015173835.1, XP_015173834.1	XP_029049428.1, XP_029049427.1
OG0002590	XP_015184296.1	XP_029032083.1
OG0002591	XP_015171291.1	XP_029036599.1
OG0002592	XP_015177963.1	XP_029050118.1
OG0002593	XP_015171317.1	XP_029049840.1
OG0002594	XP_015175133.1	XP_029046209.1
OG0002595	XP_015178862.1	XP_029034353.1
OG0002596	XP_015172974.1	XP_029052075.1
OG0002597	XP_015184847.1	XP_029036968.1
OG0002598	XP_015190796.1	XP_029033061.1
OG0002599	XP_015187158.1	XP_029055512.1
OG0002600	XP_015186074.1, XP_015186075.1, XP_015186076.1	XP_029036306.1, XP_029036305.1
OG0002601	XP_015174433.1	XP_029050348.1, XP_029050340.1
OG0002602	XP_015190058.1	XP_029051837.1
OG0002603	XP_015179616.1	XP_029043126.1
OG0002604	XP_015180035.1	XP_029033309.1
OG0002605	XP_015171587.1	XP_029056552.1
OG0002606	XP_015178250.1	XP_029056081.1, XP_029056238.1
OG0002607	XP_015171831.1	XP_029038597.1, XP_029038598.1
OG0002608	XP_015186711.1	XP_029048885.1
OG0002609	XP_015172654.1	XP_029053557.1
OG0002610	XP_015172115.1	XP_029043500.1
OG0002611	XP_015186286.1	XP_029038022.1
OG0002612	XP_015176187.1, XP_015176188.1	XP_029040744.1
OG0002613	XP_015182565.1	XP_029038181.1
OG0002614	XP_015190015.1	XP_029051331.1
OG0002615	XP_015181000.1	XP_029043470.1
OG0002616	XP_015178285.1, XP_015178284.1	XP_029048096.1
OG0002617	XP_015177360.1	XP_029038451.1, XP_029038449.1
OG0002618	XP_015182811.1	XP_029041091.1
OG0002619	XP_015173217.1	XP_029050771.1
OG0002620	XP_015180915.1	XP_029047273.1
OG0002621	XP_015183992.1	XP_029043609.1
OG0002622	XP_015174743.1	XP_029045039.1
OG0002623	XP_015188364.1, XP_015188359.1	XP_029036459.1
OG0002624	XP_015179290.1	XP_029032803.1, XP_029032804.1
OG0002625	XP_015175126.1	XP_029046195.1, XP_029046198.1
OG0002626	XP_015188789.1	XP_029044952.1
OG0002627	XP_015177390.1	XP_029040284.1
OG0002628	XP_015174913.1	XP_029053714.1, XP_029053585.1
OG0002629	XP_015179469.1	XP_029056436.1
OG0002630	XP_015184279.1	XP_029037941.1
OG0002631	XP_015182311.1	XP_029048460.1
OG0002632	XP_015184837.1, XP_015184836.1, XP_015183424.1	XP_029053562.1
OG0002633	XP_015174927.1, XP_015175227.1, XP_015175228.1, XP_015175229.1	XP_029046222.1
OG0002634	XP_015182999.1	XP_029046969.1
OG0002635	XP_015185744.1, XP_015185743.1, XP_015185742.1	XP_029042127.1
OG0002636	XP_015184854.1	XP_029046922.1, XP_029046926.1
OG0002637	XP_015184245.1	XP_029034689.1
OG0002639	XP_015188814.1	XP_029033500.1, XP_029033484.1
OG0002640	XP_015191493.1	XP_029040427.1
OG0002641	XP_015178169.1	XP_029034988.1
OG0002642	XP_015179676.1	XP_029043536.1
OG0002643	XP_015186463.1	XP_029055851.1
OG0002644	XP_015179478.1	XP_029041541.1
OG0002645	XP_015182083.1	XP_029032347.1
OG0002646	XP_015172506.1	XP_029041101.1, XP_029041100.1, XP_029041099.1
OG0002647	XP_015191852.1	XP_029051589.1
OG0002648	XP_015188924.1	XP_029039321.1
OG0002649	XP_015188384.1	XP_029036393.1, XP_029036392.1
OG0002650	XP_015181722.1, XP_015181723.1	XP_029040223.1
OG0002651	XP_015189223.1	XP_029045669.1
OG0002652	XP_015175568.1	XP_029046981.1, XP_029046998.1
OG0002653	XP_015173029.1	XP_029047789.1, XP_029047790.1, XP_029047792.1, XP_029047791.1
OG0002654	XP_015181680.1	XP_029048781.1
OG0002655	XP_015178473.1, XP_015178472.1, XP_015178471.1, XP_015178469.1	XP_029034262.1
OG0002656	XP_015183614.1	XP_029052192.1
OG0002657	XP_015191462.1	XP_029049199.1
OG0002658	XP_015177889.1, XP_015177888.1	XP_029039298.1, XP_029039297.1
OG0002659	XP_015181377.1	XP_029045067.1
OG0002660	XP_015188498.1, XP_015188497.1, XP_015188499.1	XP_029050924.1
OG0002661	XP_015188609.1	XP_029042411.1, XP_029042412.1
OG0002662	XP_015180870.1	XP_029051063.1
OG0002663	XP_015178878.1	XP_029045671.1
OG0002664	XP_015184887.1, XP_015184886.1	XP_029045901.1
OG0002665	XP_015185722.1	XP_029035666.1
OG0002666	XP_015171725.1, XP_015171722.1	XP_029037319.1
OG0002667	XP_015178963.1	XP_029037659.1
OG0002668	XP_015184712.1, XP_015184711.1, XP_015184710.1, XP_015184709.1	XP_029035985.1
OG0002669	XP_015189811.1	XP_029048295.1
OG0002670	XP_015173579.1	XP_029051486.1, XP_029051487.1
OG0002671	XP_015179439.1, XP_015179432.1, XP_015179447.1	XP_029033087.1, XP_029032905.1
OG0002672	XP_015184083.1	XP_029032412.1
OG0002673	XP_015187214.1	XP_029040667.1
OG0002674	XP_015176848.1, XP_015176849.1	XP_029051450.1
OG0002675	XP_015186471.1	XP_029036888.1
OG0002676	XP_015185901.1	XP_029043266.1
OG0002677	XP_015172601.1	XP_029041044.1
OG0002678	XP_015175261.1	XP_029045359.1, XP_029045185.1
OG0002679	XP_015177856.1	XP_029042138.1
OG0002680	XP_015191404.1	XP_029037324.1, XP_029037323.1
OG0002681	XP_015186177.1	XP_029046648.1, XP_029046651.1, XP_029046650.1, XP_029046649.1
OG0002682	XP_015185592.1	XP_029042039.1
OG0002683	XP_015171113.1, XP_015171114.1	XP_029053810.1
OG0002684	XP_015174365.1	XP_029034890.1, XP_029034891.1
OG0002686	XP_015178562.1	XP_029038801.1
OG0002687	XP_015178179.1	XP_029042100.1
OG0002688	XP_015190107.1	XP_029041111.1
OG0002689	XP_015176722.1, XP_015176723.1, XP_015176720.1, XP_015176721.1, XP_015176726.1, XP_015176725.1, XP_015176724.1	XP_029037307.1
OG0002690	XP_015179988.1	XP_029039751.1
OG0002691	XP_015178433.1	XP_029042277.1
OG0002692	XP_015179298.1	XP_029043408.1
OG0002694	XP_015180195.1	XP_029032408.1
OG0002695	XP_015172219.1	XP_029032246.1
OG0002696	XP_015182323.1	XP_029035218.1, XP_029035217.1
OG0002697	XP_015172001.1	XP_029055293.1
OG0002698	XP_015190484.1, XP_015190485.1, XP_015190483.1	XP_029035542.1, XP_029035543.1
OG0002699	XP_015172968.1	XP_029037494.1
OG0002700	XP_015173247.1	XP_029050009.1
OG0002701	XP_015174501.1	XP_029050462.1
OG0002702	XP_015173430.1	XP_029051844.1
OG0002703	XP_015171818.1	XP_029035232.1
OG0002704	XP_015174906.1	XP_029048417.1
OG0002705	XP_015182058.1	XP_029038135.1
OG0002708	XP_015179568.1, XP_015179567.1	XP_029043529.1
OG0002709	XP_015179272.1	XP_029053927.1
OG0002710	XP_015191712.1, XP_015191714.1	XP_029051484.1
OG0002711	XP_015181193.1, XP_015181192.1	XP_029040138.1
OG0002712	XP_015183514.1	XP_029050808.1
OG0002713	XP_015184714.1, XP_015184713.1	XP_029035992.1, XP_029035991.1
OG0002714	XP_015184947.1, XP_015184946.1	XP_029056431.1, XP_029056430.1, XP_029056429.1
OG0002715	XP_015181280.1	XP_029036495.1
OG0002717	XP_015181321.1	XP_029042018.1
OG0002718	XP_015187468.1	XP_029038277.1
OG0002719	XP_015173814.1	XP_029047785.1
OG0002720	XP_015185795.1, XP_015185794.1	XP_029052325.1
OG0002721	XP_015174393.1	XP_029050145.1
OG0002723	XP_015187863.1	XP_029039844.1
OG0002724	XP_015187467.1, XP_015187466.1, XP_015187465.1	XP_029048615.1
OG0002725	XP_015187713.1	XP_029037883.1, XP_029037882.1
OG0002726	XP_015181069.1, XP_015181070.1, XP_015181071.1	XP_029047253.1
OG0002727	XP_015177205.1	XP_029040940.1, XP_029040914.1, XP_029040915.1
OG0002728	XP_015184443.1	XP_029044985.1, XP_029044987.1
OG0002729	XP_015190603.1	XP_029036671.1
OG0002730	XP_015174266.1	XP_029048732.1
OG0002731	XP_015173739.1, XP_015173738.1	XP_029033013.1, XP_029033014.1
OG0002732	XP_015182684.1	XP_029037274.1
OG0002733	XP_015191121.1	XP_029055545.1
OG0002735	XP_015178258.1	XP_029047330.1
OG0002736	XP_015190843.1	XP_029056669.1
OG0002737	XP_015183778.1	XP_029049801.1
OG0002738	XP_015182226.1	XP_029048425.1
OG0002739	XP_015188588.1	XP_029052477.1
OG0002740	XP_015190737.1, XP_015190738.1, XP_015190736.1	XP_029051720.1
OG0002741	XP_015175155.1	XP_029049869.1
OG0002742	XP_015178502.1	XP_029045824.1, XP_029045823.1
OG0002743	XP_015178651.1	XP_029039792.1, XP_029039793.1
OG0002744	XP_015176102.1, XP_015176112.1	XP_029050727.1
OG0002745	XP_015188833.1	XP_029032621.1
OG0002746	XP_015180044.1	XP_029047117.1
OG0002747	XP_015190511.1	XP_029037887.1, XP_029037886.1, XP_029037890.1, XP_029037889.1
OG0002748	XP_015186301.1, XP_015186302.1	XP_029041158.1
OG0002749	XP_015183386.1	XP_029038829.1
OG0002750	XP_015171845.1	XP_029046270.1
OG0002751	XP_015188442.1, XP_015188443.1	XP_029048387.1
OG0002752	XP_015181390.1	XP_029040115.1
OG0002753	XP_015172761.1	XP_029044362.1
OG0002754	XP_015183553.1	XP_029043032.1, XP_029043033.1
OG0002755	XP_015191122.1	XP_029045395.1, XP_029045396.1, XP_029045397.1
OG0002756	XP_015183785.1	XP_029052238.1
OG0002757	XP_015181316.1	XP_029053271.1
OG0002758	XP_015190380.1	XP_029034524.1
OG0002759	XP_015178296.1	XP_029046528.1
OG0002761	XP_015177812.1	XP_029035677.1
OG0002762	XP_015188319.1	XP_029034889.1
OG0002763	XP_015173337.1	XP_029038537.1
OG0002764	XP_015178435.1	XP_029049466.1
OG0002765	XP_015177133.1	XP_029036193.1
OG0002766	XP_015175202.1	XP_029046223.1, XP_029046226.1
OG0002767	XP_015171346.1	XP_029042077.1
OG0002768	XP_015183644.1	XP_029041699.1, XP_029041700.1, XP_029041702.1, XP_029041701.1, XP_029041697.1, XP_029041698.1
OG0002769	XP_015190450.1, XP_015190441.1	XP_029042321.1
OG0002770	XP_015171414.1, XP_015171410.1, XP_015171411.1, XP_015171412.1, XP_015171413.1	XP_029035816.1
OG0002771	XP_015188668.1	XP_029043180.1, XP_029043179.1
OG0002772	XP_015183819.1, XP_015183821.1, XP_015183820.1	XP_029055862.1
OG0002773	XP_015175784.1	XP_029048928.1
OG0002774	XP_015182955.1	XP_029054885.1
OG0002775	XP_015178865.1	XP_029041019.1
OG0002776	XP_015171623.1	XP_029034303.1
OG0002777	XP_015172228.1	XP_029039595.1
OG0002778	XP_015179275.1	XP_029039716.1
OG0002779	XP_015185370.1	XP_029055834.1
OG0002780	XP_015179219.1	XP_029041191.1
OG0002781	XP_015179202.1	XP_029046191.1
OG0002782	XP_015183812.1	XP_029047996.1, XP_029047995.1, XP_029047994.1
OG0002783	XP_015179048.1	XP_029037579.1
OG0002784	XP_015171199.1	XP_029049930.1
OG0002785	XP_015187260.1	XP_029051937.1, XP_029051652.1
OG0002786	XP_015185751.1	XP_029035697.1
OG0002787	XP_015186340.1	XP_029038219.1
OG0002788	XP_015183304.1	XP_029050805.1
OG0002789	XP_015182232.1	XP_029040615.1
OG0002790	XP_015191375.1	XP_029055619.1
OG0002791	XP_015179959.1	XP_029044864.1
OG0002792	XP_015181539.1	XP_029041455.1
OG0002793	XP_015183631.1	XP_029053973.1
OG0002794	XP_015181639.1	XP_029037804.1
OG0002795	XP_015181730.1	XP_029041943.1
OG0002796	XP_015191762.1	XP_029054388.1
OG0002797	XP_015184913.1	XP_029049348.1
OG0002798	XP_015182028.1	XP_029055632.1
OG0002799	XP_015185482.1	XP_029042755.1
OG0002800	XP_015183366.1, XP_015183434.1	XP_029048540.1, XP_029048557.1
OG0002801	XP_015177940.1	XP_029037511.1
OG0002802	XP_015179574.1, XP_015179575.1, XP_015179573.1	XP_029043398.1
OG0002803	XP_015187618.1, XP_015187617.1	XP_029034918.1, XP_029034909.1
OG0002804	XP_015188392.1	XP_029036511.1, XP_029036510.1
OG0002805	XP_015174187.1	XP_029048056.1
OG0002806	XP_015175822.1	XP_029047544.1
OG0002807	XP_015174543.1	XP_029047721.1
OG0002809	XP_015180255.1	XP_029042825.1, XP_029042821.1
OG0002810	XP_015176241.1	XP_029049975.1
OG0002812	XP_015190051.1, XP_015190050.1	XP_029040443.1
OG0002813	XP_015175650.1	XP_029045688.1
OG0002814	XP_015191262.1	XP_029048873.1, XP_029048874.1
OG0002815	XP_015180830.1, XP_015180828.1, XP_015180829.1	XP_029048051.1
OG0002816	XP_015180642.1	XP_029044836.1
OG0002817	XP_015188186.1	XP_029042989.1
OG0002818	XP_015178661.1	XP_029055892.1, XP_029055888.1
OG0002819	XP_015184914.1	XP_029045778.1
OG0002820	XP_015176180.1	XP_029047467.1, XP_029047465.1, XP_029047466.1
OG0002821	XP_015180877.1	XP_029034273.1
OG0002822	XP_015182736.1, XP_015182737.1	XP_029042690.1, XP_029042692.1, XP_029042691.1
OG0002823	XP_015183940.1	XP_029044659.1
OG0002824	XP_015171837.1	XP_029050070.1
OG0002825	XP_015171423.1, XP_015171421.1	XP_029040235.1
OG0002826	XP_015185029.1	XP_029043884.1
OG0002827	XP_015182220.1	XP_029037515.1
OG0002828	XP_015172815.1	XP_029046351.1
OG0002829	XP_015186598.1	XP_029037529.1
OG0002830	XP_015181487.1, XP_015181485.1, XP_015181486.1, XP_015181491.1	XP_029042092.1
OG0002831	XP_015187879.1	XP_029043672.1
OG0002832	XP_015175220.1, XP_015175222.1	XP_029044575.1, XP_029044574.1
OG0002833	XP_015178166.1	XP_029032461.1
OG0002834	XP_015178524.1	XP_029056425.1
OG0002835	XP_015175486.1, XP_015175484.1	XP_029048371.1
OG0002836	XP_015177692.1	XP_029039996.1
OG0002837	XP_015190335.1	XP_029050167.1, XP_029050168.1
OG0002838	XP_015176346.1	XP_029044973.1
OG0002840	XP_015173614.1	XP_029037168.1
OG0002840	XP_015173633.1	XP_029038684.1
OG0002841	XP_015173616.1	XP_029037217.1, XP_029037202.1
OG0002843	XP_015182171.1, XP_015182181.1, XP_015182190.1	XP_029032963.1
OG0002844	XP_015176464.1	XP_029047219.1, XP_029047227.1
OG0002845	XP_015190048.1, XP_015190047.1, XP_015190049.1	XP_029033075.1
OG0002846	XP_015190473.1, XP_015190468.1	XP_029036113.1
OG0002847	XP_015178465.1	XP_029048404.1, XP_029048398.1
OG0002848	XP_015172828.1, XP_015172826.1	XP_029047882.1
OG0002849	XP_015187108.1, XP_015187106.1	XP_029055339.1, XP_029055337.1, XP_029055340.1, XP_029055336.1
OG0002850	XP_015189024.1	XP_029047681.1, XP_029046962.1
OG0002851	XP_015182376.1, XP_015182377.1	XP_029034124.1, XP_029034122.1, XP_029034123.1
OG0002852	XP_015188991.1	XP_029055920.1, XP_029055921.1
OG0002856	XP_015183394.1	XP_029052136.1
OG0002857	XP_015175374.1	XP_029055658.1, XP_029055774.1
OG0002858	XP_015185162.1	XP_029046605.1
OG0002859	XP_015173728.1	XP_029035243.1
OG0002860	XP_015190045.1	XP_029052121.1
OG0002861	XP_015185540.1	XP_029043329.1
OG0002863	XP_015185210.1, XP_015185209.1	XP_029048631.1
OG0002864	XP_015175030.1	XP_029052140.1
OG0002865	XP_015183697.1	XP_029040557.1, XP_029040556.1
OG0002866	XP_015183499.1	XP_029049444.1
OG0002867	XP_015183146.1	XP_029034584.1
OG0002868	XP_015190510.1, XP_015190458.1	XP_029049122.1
OG0002869	XP_015181900.1	XP_029040300.1
OG0002870	XP_015183797.1	XP_029049798.1
OG0002871	XP_015177881.1	XP_029053118.1
OG0002872	XP_015174089.1	XP_029047696.1
OG0002873	XP_015183501.1	XP_029054463.1, XP_029054462.1
OG0002874	XP_015187444.1	XP_029050366.1, XP_029050365.1, XP_029050367.1
OG0002875	XP_015172737.1, XP_015172729.1	XP_029040757.1
OG0002876	XP_015186328.1	XP_029036409.1, XP_029036410.1
OG0002877	XP_015171683.1	XP_029039644.1
OG0002878	XP_015189430.1	XP_029043472.1
OG0002879	XP_015184328.1	XP_029051411.1, XP_029051410.1
OG0002880	XP_015187327.1	XP_029051741.1
OG0002881	XP_015176580.1, XP_015176581.1, XP_015176582.1	XP_029033282.1
OG0002882	XP_015174894.1, XP_015174891.1, XP_015174893.1	XP_029041429.1
OG0002883	XP_015173877.1	XP_029051538.1
OG0002884	XP_015174018.1	XP_029049526.1
OG0002885	XP_015187073.1	XP_029056064.1, XP_029056074.1
OG0002886	XP_015178970.1	XP_029044366.1
OG0002887	XP_015174286.1, XP_015174285.1	XP_029049906.1, XP_029049904.1, XP_029049905.1
OG0002888	XP_015190097.1	XP_029043433.1, XP_029043434.1
OG0002889	XP_015191431.1	XP_029040742.1, XP_029040741.1
OG0002890	XP_015183742.1	XP_029038844.1
OG0002891	XP_015190208.1	XP_029051543.1, XP_029051544.1
OG0002892	XP_015179624.1	XP_029050229.1
OG0002893	XP_015191188.1	XP_029037338.1
OG0002894	XP_015179707.1	XP_029043314.1, XP_029043313.1
OG0002895	XP_015187972.1, XP_015187973.1	XP_029036933.1
OG0002896	XP_015174957.1	XP_029033008.1
OG0002897	XP_015175321.1	XP_029039923.1
OG0002898	XP_015176217.1	XP_029048485.1
OG0002899	XP_015190503.1	XP_029037507.1
OG0002900	XP_015179456.1	XP_029045938.1
OG0002901	XP_015189278.1	XP_029032921.1
OG0002902	XP_015191163.1	XP_029037467.1
OG0002903	XP_015188149.1	XP_029040420.1
OG0002904	XP_015181875.1, XP_015187016.1	XP_029036633.1
OG0002905	XP_015190806.1, XP_015190805.1	XP_029049992.1
OG0002906	XP_015186760.1	XP_029044972.1
OG0002907	XP_015172715.1	XP_029040755.1
OG0002908	XP_015176255.1, XP_015176310.1	XP_029041432.1
OG0002909	XP_015181042.1	XP_029042925.1
OG0002910	XP_015171844.1	XP_029037039.1, XP_029037040.1
OG0002911	XP_015183084.1	XP_029037688.1
OG0002912	XP_015178551.1	XP_029047540.1
OG0002913	XP_015190522.1	XP_029047807.1
OG0002914	XP_015191237.1, XP_015191238.1	XP_029047609.1, XP_029047610.1
OG0002915	XP_015177170.1	XP_029047614.1
OG0002916	XP_015177265.1	XP_029039525.1
OG0002917	XP_015171405.1	XP_029042111.1
OG0002918	XP_015186813.1	XP_029041581.1, XP_029041860.1
OG0002919	XP_015171814.1	XP_029052284.1, XP_029052285.1
OG0002920	XP_015189253.1	XP_029052943.1, XP_029038295.1
OG0002921	XP_015176887.1	XP_029044209.1
OG0002922	XP_015181712.1	XP_029036994.1
OG0002923	XP_015187404.1	XP_029050451.1
OG0002924	XP_015191333.1	XP_029037569.1
OG0002925	XP_015180210.1	XP_029041195.1
OG0002926	XP_015182883.1	XP_029046021.1
OG0002927	XP_015188948.1	XP_029035136.1
OG0002928	XP_015185278.1, XP_015185280.1	XP_029041444.1
OG0002929	XP_015171726.1	XP_029055491.1
OG0002930	XP_015191166.1	XP_029033783.1
OG0002931	XP_015173623.1	XP_029056556.1
OG0002932	XP_015179506.1	XP_029041649.1, XP_029041650.1, XP_029041651.1
OG0002933	XP_015187085.1	XP_029042078.1
OG0002934	XP_015184500.1	XP_029042783.1
OG0002935	XP_015179747.1	XP_029042928.1, XP_029042927.1
OG0002936	XP_015179952.1	XP_029036726.1
OG0002938	XP_015184581.1	XP_029044102.1, XP_029044946.1
OG0002940	XP_015191304.1	XP_029048375.1, XP_029048376.1
OG0002941	XP_015187403.1	XP_029050452.1
OG0002942	XP_015182879.1	XP_029046030.1
OG0002943	XP_015189255.1	XP_029045616.1, XP_029045615.1, XP_029045614.1
OG0002944	XP_015183905.1	XP_029045609.1, XP_029045610.1, XP_029045607.1, XP_029045608.1
OG0002945	XP_015181599.1	XP_029048246.1
OG0002946	XP_015186923.1	XP_029041445.1, XP_029040855.1
OG0002947	XP_015175490.1	XP_029048560.1
OG0002948	XP_015180100.1	XP_029037054.1
OG0002949	XP_015175214.1	XP_029044573.1, XP_029044572.1
OG0002950	XP_015175651.1	XP_029036950.1
OG0002951	XP_015175959.1	XP_029037392.1
OG0002952	XP_015184915.1	XP_029045794.1, XP_029045792.1
OG0002953	XP_015191169.1	XP_029046595.1, XP_029046596.1
OG0002955	XP_015191146.1	XP_029050823.1
OG0002956	XP_015178823.1	XP_029053094.1
OG0002957	XP_015187549.1	XP_029036072.1, XP_029036078.1, XP_029036076.1
OG0002958	XP_015178100.1	XP_029048955.1
OG0002959	XP_015176827.1	XP_029037277.1
OG0002960	XP_015184813.1, XP_015184812.1	XP_029043209.1
OG0002961	XP_015188452.1	XP_029039952.1
OG0002962	XP_015175583.1	XP_029038819.1
OG0002963	XP_015186047.1	XP_029048094.1, XP_029048095.1
OG0002964	XP_015176795.1	XP_029054590.1
OG0002965	XP_015182612.1	XP_029036569.1
OG0002966	XP_015172785.1	XP_029041933.1
OG0002967	XP_015182197.1	XP_029047127.1
OG0002968	XP_015187562.1	XP_029047911.1
OG0002969	XP_015171506.1	XP_029051578.1
OG0002970	XP_015187114.1	XP_029034768.1
OG0002971	XP_015188939.1	XP_029050846.1
OG0002972	XP_015182102.1	XP_029046531.1
OG0002973	XP_015185109.1	XP_029055652.1
OG0002974	XP_015173159.1	XP_029052308.1
OG0002975	XP_015175160.1	XP_029044571.1
OG0002976	XP_015172461.1	XP_029041276.1, XP_029041278.1, XP_029041277.1
OG0002977	XP_015185372.1	XP_029051170.1
OG0002979	XP_015183676.1	XP_029032166.1
OG0002980	XP_015178852.1	XP_029055096.1
OG0002981	XP_015175671.1, XP_015175670.1	XP_029053056.1
OG0002982	XP_015179302.1	XP_029040079.1
OG0002983	XP_015171568.1, XP_015171567.1	XP_029039784.1
OG0002984	XP_015177677.1	XP_029054274.1
OG0002985	XP_015186094.1, XP_015186093.1	XP_029045094.1
OG0002986	XP_015179621.1, XP_015179622.1	XP_029046261.1
OG0002987	XP_015181017.1	XP_029046693.1
OG0002988	XP_015176719.1	XP_029040974.1
OG0002989	XP_015177527.1	XP_029034382.1
OG0002990	XP_015172712.1	XP_029039182.1, XP_029039180.1, XP_029039178.1, XP_029039179.1
OG0002991	XP_015188131.1, XP_015188130.1	XP_029045214.1
OG0002992	XP_015176861.1	XP_029052950.1
OG0002993	XP_015190854.1	XP_029033924.1, XP_029033922.1
OG0002994	XP_015171572.1, XP_015171574.1, XP_015171573.1	XP_029047068.1
OG0002995	XP_015179528.1	XP_029047639.1
OG0002996	XP_015189243.1	XP_029049612.1
OG0002997	XP_015191283.1	XP_029037362.1
OG0002998	XP_015178216.1	XP_029039799.1, XP_029039797.1, XP_029039798.1
OG0002999	XP_015183404.1, XP_015183401.1	XP_029040516.1, XP_029040513.1
OG0003000	XP_015182616.1	XP_029044721.1
OG0003001	XP_015184884.1	XP_029042414.1
OG0003002	XP_015175130.1, XP_015175132.1	XP_029041420.1
OG0003003	XP_015174102.1, XP_015174110.1	XP_029054426.1
OG0003004	XP_015182424.1	XP_029038962.1
OG0003005	XP_015184550.1	XP_029048694.1
OG0003006	XP_015173534.1	XP_029041875.1
OG0003007	XP_015188849.1	XP_029055105.1
OG0003008	XP_015178184.1	XP_029042167.1
OG0003009	XP_015185504.1	XP_029050779.1
OG0003010	XP_015182169.1, XP_015182170.1	XP_029047057.1
OG0003011	XP_015190838.1, XP_015190837.1	XP_029055829.1
OG0003012	XP_015186470.1	XP_029045349.1
OG0003013	XP_015178359.1, XP_015178360.1, XP_015178358.1	XP_029047239.1
OG0003014	XP_015172773.1	XP_029054155.1
OG0003015	XP_015189357.1	XP_029043836.1
OG0003016	XP_015183262.1	XP_029032416.1
OG0003017	XP_015191438.1	XP_029042341.1
OG0003018	XP_015174990.1	XP_029046277.1
OG0003019	XP_015180033.1	XP_029046752.1, XP_029046751.1
OG0003020	XP_015191202.1	XP_029050076.1
OG0003021	XP_015185368.1	XP_029055847.1
OG0003022	XP_015187763.1	XP_029041194.1, XP_029041193.1
OG0003023	XP_015172807.1	XP_029041774.1
OG0003024	XP_015172780.1	XP_029050680.1
OG0003025	XP_015177163.1, XP_015177164.1	XP_029047611.1
OG0003026	XP_015172225.1, XP_015172226.1	XP_029039944.1
OG0003027	XP_015186145.1	XP_029044258.1
OG0003028	XP_015180288.1	XP_029048195.1
OG0003029	XP_015186055.1, XP_015188859.1	XP_029038081.1
OG0003030	XP_015183835.1	XP_029042554.1
OG0003031	XP_015187312.1	XP_029045388.1
OG0003032	XP_015186339.1, XP_015186347.1	XP_029034676.1
OG0003033	XP_015175499.1	XP_029047268.1
OG0003034	XP_015184357.1	XP_029051693.1, XP_029051692.1
OG0003035	XP_015184070.1	XP_029040316.1
OG0003036	XP_015191043.1	XP_029045404.1
OG0003037	XP_015173505.1	XP_029052665.1
OG0003038	XP_015177810.1	XP_029049262.1
OG0003039	XP_015171234.1	XP_029040345.1, XP_029040344.1
OG0003040	XP_015183449.1	XP_029051758.1
OG0003041	XP_015175775.1	XP_029051944.1
OG0003042	XP_015174410.1	XP_029042293.1
OG0003043	XP_015182665.1	XP_029034861.1
OG0003044	XP_015182608.1	XP_029047394.1, XP_029047392.1
OG0003045	XP_015180741.1	XP_029044491.1, XP_029044493.1
OG0003046	XP_015171504.1	XP_029055497.1
OG0003047	XP_015182070.1	XP_029032374.1
OG0003048	XP_015191428.1	XP_029032006.1, XP_029056369.1
OG0003049	XP_015172671.1	XP_029035271.1, XP_029035272.1, XP_029035273.1, XP_029035270.1
OG0003050	XP_015180143.1	XP_029038774.1
OG0003051	XP_015173498.1	XP_029035944.1, XP_029035945.1
OG0003052	XP_015174765.1	XP_029047741.1
OG0003053	XP_015187509.1	XP_029053630.1
OG0003054	XP_015172944.1	XP_029053614.1
OG0003055	XP_015177299.1	XP_029032969.1
OG0003056	XP_015175916.1	XP_029055513.1
OG0003057	XP_015191645.1	XP_029033777.1, XP_029033776.1
OG0003058	XP_015186476.1, XP_015186475.1	XP_029036882.1
OG0003059	XP_015188116.1	XP_029036523.1
OG0003060	XP_015191432.1	XP_029041790.1
OG0003061	XP_015177671.1	XP_029049893.1
OG0003062	XP_015187426.1	XP_029035268.1
OG0003063	XP_015191626.1	XP_029035740.1
OG0003064	XP_015180874.1	XP_029040193.1
OG0003065	XP_015175201.1	XP_029037175.1
OG0003066	XP_015174225.1	XP_029055655.1
OG0003067	XP_015182205.1	XP_029048448.1
OG0003068	XP_015191543.1	XP_029056470.1
OG0003069	XP_015191200.1, XP_015191201.1	XP_029049181.1
OG0003070	XP_015178068.1	XP_029053044.1, XP_029053047.1, XP_029053046.1, XP_029053045.1
OG0003071	XP_015184840.1	XP_029037853.1
OG0003072	XP_015190305.1	XP_029040896.1
OG0003073	XP_015174672.1	XP_029050045.1, XP_029050044.1
OG0003074	XP_015173780.1	XP_029032560.1
OG0003075	XP_015190121.1	XP_029051995.1, XP_029051998.1
OG0003076	XP_015189293.1	XP_029039279.1
OG0003077	XP_015174945.1	XP_029053003.1
OG0003078	XP_015180442.1	XP_029050959.1, XP_029050957.1, XP_029050956.1, XP_029050958.1
OG0003079	XP_015184802.1	XP_029045340.1
OG0003080	XP_015179767.1	XP_029043135.1
OG0003081	XP_015186601.1, XP_015186609.1	XP_029038041.1
OG0003082	XP_015189412.1	XP_029037194.1
OG0003083	XP_015191579.1	XP_029038673.1
OG0003084	XP_015181451.1	XP_029038988.1
OG0003085	XP_015176207.1	XP_029046024.1
OG0003086	XP_015189475.1, XP_015183360.1, XP_015183358.1, XP_015183359.1, XP_015183357.1	XP_029045464.1
OG0003087	XP_015176254.1	XP_029038258.1, XP_029038257.1, XP_029038256.1
OG0003088	XP_015178130.1	XP_029048242.1
OG0003089	XP_015181889.1	XP_029039411.1
OG0003090	XP_015182283.1	XP_029039226.1
OG0003091	XP_015176690.1	XP_029042594.1
OG0003092	XP_015179859.1	XP_029053723.1
OG0003093	XP_015178696.1	XP_029047167.1
OG0003094	XP_015179109.1, XP_015179110.1, XP_015179111.1	XP_029036466.1
OG0003095	XP_015174390.1	XP_029048006.1, XP_029048009.1
OG0003096	XP_015176279.1	XP_029035030.1, XP_029035031.1
OG0003097	XP_015184835.1	XP_029050827.1
OG0003098	XP_015179966.1	XP_029045513.1, XP_029045514.1
OG0003099	XP_015182621.1	XP_029041002.1, XP_029041003.1
OG0003100	XP_015187097.1, XP_015186857.1	XP_029052025.1
OG0003101	XP_015175941.1	XP_029046294.1
OG0003102	XP_015182475.1	XP_029048988.1
OG0003103	XP_015174492.1	XP_029032655.1
OG0003104	XP_015184584.1	XP_029038999.1
OG0003105	XP_015179291.1	XP_029040932.1, XP_029040934.1
OG0003106	XP_015186342.1, XP_015186341.1	XP_029038228.1
OG0003107	XP_015189167.1, XP_015189166.1	XP_029038338.1, XP_029038339.1
OG0003108	XP_015174853.1	XP_029049344.1
OG0003109	XP_015189009.1	XP_029050717.1
OG0003110	XP_015180213.1, XP_015180214.1	XP_029032616.1
OG0003111	XP_015182062.1, XP_015182061.1, XP_015182060.1	XP_029052459.1
OG0003112	XP_015182512.1	XP_029035024.1, XP_029035025.1
OG0003113	XP_015172624.1	XP_029040172.1, XP_029040191.1, XP_029040199.1, XP_029040181.1
OG0003114	XP_015187843.1	XP_029038362.1
OG0003115	XP_015172262.1	XP_029032158.1
OG0003116	XP_015174905.1	XP_029040524.1
OG0003118	XP_015189189.1	XP_029037475.1, XP_029037474.1
OG0003119	XP_015182637.1	XP_029044698.1
OG0003120	XP_015184293.1	XP_029031859.1, XP_029031854.1
OG0003121	XP_015182598.1	XP_029040884.1
OG0003122	XP_015189161.1	XP_029033109.1
OG0003123	XP_015174949.1	XP_029051007.1
OG0003124	XP_015182712.1	XP_029050347.1, XP_029050339.1
OG0003125	XP_015176609.1	XP_029051421.1, XP_029051422.1
OG0003126	XP_015173208.1, XP_015173199.1	XP_029050881.1
OG0003127	XP_015178275.1	XP_029048208.1
OG0003128	XP_015186539.1	XP_029038056.1
OG0003129	XP_015182000.1	XP_029052473.1
OG0003130	XP_015171422.1	XP_029055045.1
OG0003131	XP_015179931.1	XP_029045506.1
OG0003132	XP_015176261.1, XP_015176260.1, XP_015176259.1	XP_029034914.1
OG0003133	XP_015173779.1	XP_029041719.1
OG0003134	XP_015187630.1	XP_029056650.1
OG0003135	XP_015183810.1	XP_029047038.1, XP_029051651.1, XP_029051649.1
OG0003136	XP_015172205.1	XP_029050704.1
OG0003137	XP_015185845.1	XP_029037723.1
OG0003138	XP_015176465.1	XP_029049867.1
OG0003139	XP_015187808.1	XP_029031853.1
OG0003140	XP_015190332.1	XP_029035778.1
OG0003141	XP_015173717.1, XP_015173716.1, XP_015173715.1	XP_029031990.1, XP_029031993.1
OG0003142	XP_015188107.1	XP_029053878.1
OG0003143	XP_015187685.1	XP_029040982.1
OG0003144	XP_015182431.1	XP_029039735.1, XP_029039736.1
OG0003146	XP_015174245.1	XP_029035646.1
OG0003147	XP_015185446.1	XP_029051204.1
OG0003148	XP_015177845.1	XP_029051473.1
OG0003149	XP_015184441.1, XP_015184440.1	XP_029050252.1
OG0003150	XP_015187854.1, XP_015187853.1, XP_015187855.1	XP_029045532.1
OG0003151	XP_015180985.1	XP_029046439.1
OG0003152	XP_015178886.1	XP_029032262.1
OG0003153	XP_015177948.1	XP_029045240.1, XP_029045239.1
OG0003154	XP_015188206.1	XP_029032972.1
OG0003155	XP_015178197.1	XP_029052521.1
OG0003156	XP_015172614.1	XP_029047046.1
OG0003157	XP_015177197.1	XP_029044208.1, XP_029044207.1, XP_029044206.1
OG0003158	XP_015184207.1	XP_029048018.1, XP_029048017.1
OG0003159	XP_015171686.1	XP_029050913.1
OG0003160	XP_015175964.1, XP_015175963.1	XP_029037642.1
OG0003161	XP_015174278.1, XP_015174279.1	XP_029049876.1, XP_029049875.1
OG0003162	XP_015174414.1, XP_015174412.1, XP_015174413.1	XP_029049885.1, XP_029049884.1
OG0003163	XP_015190622.1	XP_029033956.1
OG0003164	XP_015176415.1	XP_029047250.1
OG0003165	XP_015191074.1	XP_029053229.1
OG0003166	XP_015174570.1, XP_015174569.1, XP_015174568.1	XP_029050135.1, XP_029050136.1
OG0003167	XP_015191470.1	XP_029047522.1
OG0003168	XP_015189246.1	XP_029045660.1
OG0003169	XP_015182981.1	XP_029055967.1
OG0003170	XP_015190938.1	XP_029038111.1
OG0003171	XP_015174123.1	XP_029032597.1
OG0003172	XP_015186769.1	XP_029037023.1
OG0003173	XP_015177553.1	XP_029037551.1
OG0003174	XP_015171628.1, XP_015171627.1	XP_029043233.1
OG0003175	XP_015191303.1	XP_029048342.1, XP_029048341.1
OG0003176	XP_015178251.1	XP_029046871.1, XP_029046870.1
OG0003177	XP_015187693.1	XP_029031900.1, XP_029031901.1
OG0003178	XP_015191248.1	XP_029042647.1, XP_029042646.1
OG0003179	XP_015185155.1	XP_029055364.1
OG0003180	XP_015184412.1, XP_015184411.1, XP_015184413.1	XP_029032159.1
OG0003181	XP_015180822.1	XP_029041296.1
OG0003182	XP_015172626.1	XP_029040774.1
OG0003183	XP_015179209.1	XP_029056059.1
OG0003184	XP_015179794.1	XP_029051212.1
OG0003185	XP_015173354.1	XP_029043765.1, XP_029043764.1, XP_029043763.1, XP_029043762.1, XP_029043761.1, XP_029043767.1
OG0003186	XP_015172668.1	XP_029041384.1
OG0003187	XP_015180688.1, XP_015180687.1	XP_029041484.1
OG0003188	XP_015186528.1	XP_029051459.1
OG0003189	XP_015187605.1, XP_015187604.1	XP_029044496.1
OG0003190	XP_015172075.1	XP_029038599.1
OG0003191	XP_015189422.1	XP_029056542.1
OG0003193	XP_015176753.1	XP_029052446.1, XP_029052435.1
OG0003194	XP_015180475.1	XP_029045706.1, XP_029045707.1, XP_029045704.1, XP_029045705.1
OG0003195	XP_015174876.1	XP_029053242.1
OG0003197	XP_015172936.1	XP_029053613.1
OG0003198	XP_015187947.1	XP_029031906.1
OG0003199	XP_015190385.1	XP_029034506.1
OG0003201	XP_015184633.1	XP_029048525.1
OG0003202	XP_015175559.1, XP_015175556.1	XP_029055882.1
OG0003203	XP_015172467.1	XP_029036355.1
OG0003204	XP_015178733.1, XP_015178734.1	XP_029051700.1
OG0003205	XP_015181172.1	XP_029045021.1
OG0003206	XP_015182035.1	XP_029034691.1
OG0003207	XP_015189835.1	XP_029044137.1
OG0003208	XP_015182954.1	XP_029031967.1
OG0003209	XP_015176641.1, XP_015176589.1	XP_029042368.1
OG0003210	XP_015189990.1	XP_029047352.1, XP_029047353.1
OG0003211	XP_015185161.1	XP_029038725.1, XP_029038724.1
OG0003212	XP_015186954.1	XP_029048280.1
OG0003213	XP_015180557.1	XP_029051295.1
OG0003214	XP_015182199.1	XP_029048311.1
OG0003215	XP_015180795.1	XP_029049794.1
OG0003217	XP_015181224.1	XP_029052379.1, XP_029049961.1, XP_029050043.1, XP_029052294.1
OG0003218	XP_015175243.1	XP_029052309.1, XP_029052310.1
OG0003219	XP_015182015.1	XP_029050349.1
OG0003220	XP_015188336.1	XP_029050196.1
OG0003221	XP_015175039.1	XP_029056573.1, XP_029056572.1
OG0003222	XP_015177460.1	XP_029038502.1
OG0003223	XP_015187699.1	XP_029044494.1
OG0003224	XP_015182489.1, XP_015182490.1, XP_015182491.1	XP_029032320.1
OG0003225	XP_015179841.1	XP_029045498.1, XP_029045497.1, XP_029045496.1, XP_029045495.1
OG0003226	XP_015189474.1	XP_029045451.1, XP_029045449.1, XP_029045450.1
OG0003227	XP_015180493.1, XP_015180490.1, XP_015180491.1	XP_029037593.1
OG0003228	XP_015186380.1	XP_029035128.1
OG0003229	XP_015175410.1	XP_029051005.1
OG0003230	XP_015184361.1	XP_029051424.1
OG0003231	XP_015180115.1, XP_015180119.1	XP_029039372.1
OG0003232	XP_015181923.1	XP_029046559.1, XP_029046560.1
OG0003234	XP_015187354.1	XP_029036048.1
OG0003236	XP_015186081.1	XP_029033940.1, XP_029033939.1, XP_029033937.1, XP_029033942.1, XP_029033936.1, XP_029033941.1
OG0003237	XP_015188897.1	XP_029039319.1, XP_029039318.1, XP_029039320.1
OG0003238	XP_015187070.1, XP_015187068.1	XP_029033076.1
OG0003239	XP_015172154.1, XP_015172155.1	XP_029052151.1
OG0003240	XP_015189432.1	XP_029039119.1
OG0003241	XP_015188124.1	XP_029034172.1, XP_029034170.1, XP_029034171.1
OG0003242	XP_015173551.1, XP_015173550.1, XP_015173552.1	XP_029033244.1
OG0003243	XP_015188134.1, XP_015188136.1	XP_029039837.1
OG0003244	XP_015180244.1	XP_029040759.1
OG0003245	XP_015191221.1	XP_029038291.1
OG0003246	XP_015179093.1	XP_029033143.1
OG0003247	XP_015177111.1	XP_029043793.1, XP_029043788.1, XP_029043787.1, XP_029043790.1, XP_029043786.1, XP_029043791.1
OG0003248	XP_015187754.1	XP_029037439.1
OG0003249	XP_015178192.1	XP_029052520.1
OG0003250	XP_015175613.1	XP_029047646.1, XP_029047645.1
OG0003251	XP_015173068.1, XP_015173069.1, XP_015173067.1	XP_029048284.1, XP_029048287.1
OG0003252	XP_015191279.1, XP_015191280.1	XP_029037353.1
OG0003254	XP_015173892.1, XP_015173893.1	XP_029035417.1
OG0003255	XP_015173889.1	XP_029047718.1
OG0003256	XP_015174135.1	XP_029051895.1
OG0003257	XP_015178370.1	XP_029038093.1
OG0003261	XP_015179397.1	XP_029048332.1, XP_029048333.1, XP_029048334.1
OG0003262	XP_015174605.1	XP_029035374.1
OG0003263	XP_015174256.1	XP_029054423.1
OG0003264	XP_015176975.1	XP_029045347.1
OG0003265	XP_015185890.1	XP_029039951.1
OG0003266	XP_015171934.1	XP_029046470.1
OG0003267	XP_015171790.1	XP_029046714.1
OG0003268	XP_015171926.1, XP_015181220.1	XP_029048629.1
OG0003269	XP_015188503.1	XP_029050920.1, XP_029050919.1
OG0003270	XP_015174370.1	XP_029037692.1
OG0003271	XP_015175802.1	XP_029038145.1
OG0003272	XP_015175460.1	XP_029040648.1
OG0003273	XP_015186611.1	XP_029042610.1
OG0003274	XP_015175687.1	XP_029041322.1
OG0003275	XP_015174709.1	XP_029052812.1
OG0003276	XP_015181499.1	XP_029054506.1
OG0003277	XP_015190768.1, XP_015190770.1	XP_029054757.1
OG0003278	XP_015182542.1	XP_029044702.1
OG0003279	XP_015188857.1	XP_029055244.1
OG0003280	XP_015171870.1	XP_029046450.1
OG0003281	XP_015180726.1, XP_015180727.1	XP_029036171.1
OG0003282	XP_015188811.1	XP_029035415.1
OG0003283	XP_015173584.1	XP_029037548.1
OG0003284	XP_015180745.1	XP_029032193.1
OG0003285	XP_015172337.1, XP_015172325.1	XP_029031846.1
OG0003286	XP_015185800.1	XP_029041147.1, XP_029041148.1
OG0003287	XP_015172520.1	XP_029032547.1
OG0003288	XP_015191656.1	XP_029046057.1
OG0003289	XP_015185298.1	XP_029044281.1, XP_029044280.1
OG0003290	XP_015182865.1	XP_029048082.1
OG0003291	XP_015179786.1	XP_029052841.1, XP_029052840.1
OG0003292	XP_015184103.1	XP_029035285.1
OG0003293	XP_015183532.1	XP_029052560.1
OG0003294	XP_015176029.1	XP_029053223.1
OG0003295	XP_015171611.1, XP_015171613.1, XP_015171614.1, XP_015171615.1	XP_029032302.1
OG0003296	XP_015178530.1	XP_029051095.1
OG0003297	XP_015177865.1	XP_029035216.1
OG0003298	XP_015186616.1	XP_029053000.1, XP_029052794.1
OG0003299	XP_015182677.1	XP_029034601.1
OG0003300	XP_015172834.1	XP_029047910.1
OG0003301	XP_015174163.1	XP_029037785.1
OG0003302	XP_015179769.1	XP_029039151.1
OG0003303	XP_015189235.1	XP_029034634.1
OG0003304	XP_015180127.1	XP_029036018.1
OG0003305	XP_015190255.1	XP_029052320.1
OG0003306	XP_015173675.1	XP_029032028.1, XP_029032030.1, XP_029032029.1
OG0003307	XP_015173144.1	XP_029034485.1, XP_029034484.1
OG0003308	XP_015177208.1	XP_029045175.1
OG0003309	XP_015180107.1	XP_029044808.1
OG0003310	XP_015182521.1	XP_029048797.1
OG0003311	XP_015178143.1	XP_029040595.1
OG0003312	XP_015180203.1	XP_029035200.1, XP_029035199.1
OG0003313	XP_015176312.1	XP_029044498.1
OG0003314	XP_015175786.1	XP_029048944.1, XP_029048945.1
OG0003315	XP_015179654.1	XP_029044488.1
OG0003316	XP_015171729.1	XP_029053558.1
OG0003317	XP_015183265.1	XP_029035363.1
OG0003318	XP_015191776.1	XP_029038653.1
OG0003319	XP_015181953.1, XP_015181952.1	XP_029050448.1
OG0003320	XP_015191527.1	XP_029033496.1, XP_029033717.1
OG0003321	XP_015173693.1	XP_029050230.1
OG0003322	XP_015171323.1, XP_015171332.1	XP_029052261.1
OG0003323	XP_015190930.1	XP_029051429.1
OG0003324	XP_015171336.1, XP_015171337.1	XP_029038826.1
OG0003325	XP_015190563.1	XP_029041517.1, XP_029041516.1
OG0003326	XP_015173640.1, XP_015173638.1	XP_029056574.1, XP_029056577.1
OG0003327	XP_015185982.1	XP_029050085.1
OG0003328	XP_015177229.1	XP_029041663.1
OG0003329	XP_015186292.1	XP_029044788.1
OG0003330	XP_015190577.1	XP_029036803.1
OG0003331	XP_015172251.1, XP_015172246.1	XP_029033364.1
OG0003332	XP_015185305.1	XP_029046348.1
OG0003333	XP_015171492.1	XP_029055496.1, XP_029055495.1
OG0003334	XP_015191505.1	XP_029033543.1, XP_029033589.1
OG0003335	XP_015182204.1	XP_029056186.1, XP_029056228.1
OG0003336	XP_015191570.1	XP_029042215.1
OG0003337	XP_015172521.1	XP_029050587.1
OG0003339	XP_015184708.1	XP_029042220.1
OG0003340	XP_015174248.1	XP_029037316.1
OG0003341	XP_015185260.1	XP_029038966.1
OG0003342	XP_015185634.1	XP_029050676.1
OG0003343	XP_015176685.1	XP_029034663.1
OG0003345	XP_015189133.1	XP_029035391.1
OG0003346	XP_015174791.1	XP_029049067.1
OG0003347	XP_015188927.1	XP_029035569.1
OG0003348	XP_015188423.1	XP_029040050.1
OG0003349	XP_015180546.1	XP_029032389.1
OG0003350	XP_015187959.1	XP_029036585.1
OG0003351	XP_015185215.1	XP_029039916.1
OG0003352	XP_015173570.1	XP_029041802.1
OG0003353	XP_015175425.1	XP_029038858.1
OG0003354	XP_015176997.1	XP_029051451.1, XP_029051452.1
OG0003355	XP_015176857.1	XP_029047904.1
OG0003356	XP_015190488.1	XP_029042332.1
OG0003357	XP_015178153.1	XP_029042160.1, XP_029042159.1, XP_029042161.1
OG0003358	XP_015189411.1, XP_015189410.1, XP_015189409.1, XP_015189408.1	XP_029037192.1
OG0003359	XP_015173362.1	XP_029046813.1
OG0003360	XP_015173198.1	XP_029040736.1
OG0003361	XP_015182881.1	XP_029046037.1
OG0003362	XP_015174549.1, XP_015174547.1, XP_015174546.1, XP_015174550.1, XP_015174548.1	XP_029046598.1
OG0003363	XP_015182988.1	XP_029055965.1
OG0003364	XP_015184267.1	XP_029033667.1, XP_029033653.1
OG0003365	XP_015188555.1	XP_029032875.1
OG0003366	XP_015179176.1	XP_029038911.1
OG0003367	XP_015187582.1	XP_029040856.1
OG0003368	XP_015175064.1	XP_029044894.1, XP_029044895.1
OG0003369	XP_015188097.1	XP_029048230.1
OG0003370	XP_015173212.1	XP_029043219.1
OG0003371	XP_015181102.1	XP_029052395.1
OG0003372	XP_015172014.1	XP_029050084.1
OG0003374	XP_015171689.1	XP_029045729.1
OG0003376	XP_015187912.1	XP_029056600.1
OG0003377	XP_015175119.1	XP_029050104.1, XP_029050105.1, XP_029050103.1
OG0003378	XP_015184218.1	XP_029042285.1
OG0003379	XP_015180558.1	XP_029036150.1
OG0003380	XP_015172013.1	XP_029042313.1
OG0003381	XP_015172653.1	XP_029041619.1
OG0003382	XP_015176634.1	XP_029034722.1
OG0003383	XP_015172040.1	XP_029043499.1
OG0003384	XP_015188758.1	XP_029049954.1
OG0003385	XP_015179032.1	XP_029054431.1, XP_029054430.1
OG0003386	XP_015179539.1	XP_029039139.1, XP_029039138.1
OG0003387	XP_015190698.1	XP_029048290.1, XP_029048291.1
OG0003388	XP_015180752.1	XP_029036165.1
OG0003389	XP_015187416.1	XP_029051039.1
OG0003390	XP_015184298.1	XP_029049410.1
OG0003391	XP_015181603.1	XP_029043496.1
OG0003392	XP_015176349.1	XP_029044440.1
OG0003393	XP_015190186.1, XP_015190187.1	XP_029049037.1
OG0003394	XP_015174395.1	XP_029037115.1
OG0003395	XP_015187652.1	XP_029053530.1
OG0003396	XP_015176610.1	XP_029036114.1
OG0003397	XP_015171189.1	XP_029033195.1, XP_029033196.1, XP_029033198.1
OG0003398	XP_015187552.1	XP_029038578.1
OG0003399	XP_015179993.1	XP_029046707.1, XP_029046708.1
OG0003400	XP_015175012.1	XP_029049578.1
OG0003401	XP_015180348.1	XP_029042661.1, XP_029042975.1
OG0003402	XP_015187324.1, XP_015187331.1	XP_029045389.1
OG0003403	XP_015181948.1	XP_029042641.1
OG0003404	XP_015186459.1	XP_029040631.1
OG0003405	XP_015178809.1, XP_015178810.1	XP_029056612.1
OG0003406	XP_015191703.1	XP_029042933.1
OG0003407	XP_015189000.1	XP_029039187.1
OG0003408	XP_015175908.1	XP_029046668.1
OG0003409	XP_015179204.1	XP_029043123.1, XP_029043124.1, XP_029043121.1
OG0003410	XP_015186287.1	XP_029056641.1
OG0003411	XP_015190416.1, XP_015190419.1, XP_015190418.1	XP_029037879.1
OG0003412	XP_015171375.1	XP_029032286.1
OG0003413	XP_015182958.1, XP_015182959.1	XP_029031964.1
OG0003414	XP_015176127.1	XP_029045129.1
OG0003415	XP_015190410.1	XP_029050165.1, XP_029050164.1
OG0003416	XP_015180668.1, XP_015180667.1	XP_029037591.1
OG0003417	XP_015177477.1	XP_029046999.1
OG0003418	XP_015184817.1	XP_029049565.1, XP_029033852.1
OG0003419	XP_015177958.1	XP_029046573.1
OG0003420	XP_015180202.1	XP_029043138.1
OG0003421	XP_015187248.1, XP_015187247.1	XP_029044588.1
OG0003422	XP_015186465.1	XP_029055854.1
OG0003423	XP_015177165.1, XP_015177166.1	XP_029047612.1
OG0003424	XP_015184782.1	XP_029053563.1
OG0003425	XP_015179943.1	XP_029042007.1, XP_029042151.1
OG0003426	XP_015174788.1, XP_015174786.1	XP_029045305.1
OG0003427	XP_015186898.1	XP_029040077.1
OG0003428	XP_015171325.1, XP_015171324.1, XP_015171322.1, XP_015171327.1, XP_015171326.1	XP_029049838.1
OG0003429	XP_015172555.1, XP_015172539.1	XP_029046753.1
OG0003430	XP_015182570.1	XP_029038129.1
OG0003431	XP_015175843.1	XP_029050497.1
OG0003432	XP_015184654.1	XP_029047036.1, XP_029047037.1
OG0003433	XP_015171455.1	XP_029038360.1
OG0003434	XP_015177650.1, XP_015177649.1	XP_029053207.1
OG0003435	XP_015186325.1	XP_029032618.1
OG0003436	XP_015174551.1	XP_029042305.1, XP_029042306.1, XP_029042307.1
OG0003437	XP_015174878.1	XP_029038276.1
OG0003438	XP_015172083.1, XP_015172082.1	XP_029042089.1
OG0003439	XP_015174539.1	XP_029044304.1
OG0003441	XP_015175554.1, XP_015175555.1	XP_029038842.1
OG0003442	XP_015191398.1	XP_029035401.1
OG0003444	XP_015183391.1	XP_029042597.1
OG0003445	XP_015178172.1	XP_029056667.1, XP_029056668.1, XP_029056665.1
OG0003446	XP_015183595.1	XP_029043021.1
OG0003447	XP_015176458.1	XP_029041836.1
OG0003448	XP_015188682.1	XP_029048490.1
OG0003449	XP_015184578.1	XP_029032207.1
OG0003450	XP_015183101.1	XP_029047164.1
OG0003451	XP_015173807.1	XP_029056659.1, XP_029056658.1
OG0003452	XP_015185229.1	XP_029041410.1
OG0003453	XP_015191305.1	XP_029048340.1
OG0003454	XP_015185401.1	XP_029043389.1
OG0003455	XP_015173242.1, XP_015173243.1	XP_029053172.1
OG0003456	XP_015187627.1	XP_029056647.1
OG0003457	XP_015180857.1	XP_029043744.1, XP_029043753.1, XP_029043792.1, XP_029043800.1
OG0003458	XP_015173983.1, XP_015173982.1, XP_015173984.1	XP_029045887.1
OG0003459	XP_015179116.1	XP_029036685.1
OG0003460	XP_015190874.1	XP_029043069.1
OG0003461	XP_015191859.1, XP_015191861.1	XP_029039230.1
OG0003462	XP_015189922.1, XP_015171443.1	XP_029037318.1
OG0003463	XP_015186383.1, XP_015171012.1	XP_029051132.1
OG0003464	XP_015189991.1	XP_029050921.1
OG0003465	XP_015186514.1, XP_015186563.1	XP_029050962.1
OG0003466	XP_015189016.1, XP_015189015.1	XP_029050760.1
OG0003467	XP_015180807.1	XP_029040971.1
OG0003468	XP_015180528.1	XP_029033250.1
OG0003469	XP_015188387.1	XP_029036400.1, XP_029036399.1
OG0003470	XP_015176941.1, XP_015176942.1	XP_029036740.1
OG0003471	XP_015178289.1	XP_029051817.1
OG0003472	XP_015180759.1	XP_029052695.1, XP_029052694.1
OG0003473	XP_015174007.1	XP_029037455.1
OG0003474	XP_015185878.1, XP_015185867.1, XP_015189344.1	XP_029034533.1, XP_029034532.1
OG0003475	XP_015187335.1, XP_015187334.1	XP_029051935.1, XP_029051934.1
OG0003476	XP_015179493.1	XP_029037011.1
OG0003477	XP_015175105.1	XP_029044568.1
OG0003478	XP_015189473.1	XP_029051529.1, XP_029051528.1
OG0003479	XP_015176771.1	XP_029052454.1
OG0003480	XP_015176804.1	XP_029032427.1
OG0003481	XP_015191112.1	XP_029033541.1, XP_029033587.1
OG0003482	XP_015185984.1, XP_015175980.1	XP_029039590.1
OG0003483	XP_015178273.1	XP_029042094.1, XP_029042095.1
OG0003484	XP_015182992.1	XP_029044592.1, XP_029044434.1
OG0003485	XP_015184543.1	XP_029036663.1
OG0003486	XP_015183580.1	XP_029052035.1
OG0003487	XP_015180045.1	XP_029047146.1, XP_029047145.1, XP_029047144.1
OG0003488	XP_015171174.1, XP_015171175.1	XP_029048676.1
OG0003489	XP_015190926.1	XP_029038073.1
OG0003490	XP_015172585.1	XP_029051539.1
OG0003491	XP_015174483.1	XP_029036010.1
OG0003492	XP_015178946.1	XP_029051632.1
OG0003493	XP_015185682.1	XP_029049059.1
OG0003494	XP_015191496.1	XP_029055627.1
OG0003495	XP_015179271.1	XP_029036729.1
OG0003496	XP_015182877.1	XP_029055472.1
OG0003497	XP_015178395.1	XP_029050947.1
OG0003498	XP_015180366.1	XP_029037893.1
OG0003499	XP_015187045.1	XP_029031928.1, XP_029031924.1
OG0003500	XP_015175688.1	XP_029044902.1
OG0003501	XP_015187507.1	XP_029044584.1
OG0003502	XP_015182437.1	XP_029032336.1, XP_029032335.1
OG0003503	XP_015178224.1	XP_029037270.1
OG0003504	XP_015181287.1	XP_029045154.1, XP_029045152.1, XP_029045153.1
OG0003506	XP_015187805.1	XP_029032145.1, XP_029032144.1
OG0003507	XP_015183125.1	XP_029043320.1
OG0003508	XP_015182730.1	XP_029042677.1
OG0003509	XP_015188894.1, XP_015188815.1	XP_029054957.1
OG0003510	XP_015178538.1	XP_029038078.1
OG0003511	XP_015173707.1	XP_029048378.1
OG0003512	XP_015182308.1	XP_029048458.1
OG0003513	XP_015171042.1, XP_015171033.1	XP_029050542.1
OG0003514	XP_015187464.1	XP_029038280.1
OG0003515	XP_015179821.1	XP_029045469.1
OG0003516	XP_015179947.1	XP_029037425.1
OG0003517	XP_015181891.1	XP_029050194.1, XP_029050195.1
OG0003518	XP_015186872.1	XP_029049745.1
OG0003519	XP_015180953.1	XP_029033420.1, XP_029033422.1, XP_029033421.1
OG0003520	XP_015191223.1	XP_029040591.1, XP_029040592.1
OG0003521	XP_015171947.1, XP_015171951.1	XP_029044152.1
OG0003522	XP_015172152.1	XP_029041082.1
OG0003523	XP_015179610.1	XP_029043140.1
OG0003524	XP_015177277.1	XP_029047088.1
OG0003525	XP_015183377.1	XP_029050675.1
OG0003526	XP_015187151.1	XP_029043342.1
OG0003527	XP_015185808.1, XP_015185807.1	XP_029035651.1
OG0003528	XP_015188628.1	XP_029039168.1, XP_029039165.1, XP_029039167.1
OG0003529	XP_015191239.1	XP_029047615.1
OG0003530	XP_015179818.1, XP_015179820.1	XP_029045974.1
OG0003532	XP_015172052.1	XP_029033200.1
OG0003533	XP_015182620.1	XP_029044696.1
OG0003534	XP_015177420.1	XP_029034796.1
OG0003535	XP_015186009.1, XP_015186007.1, XP_015186008.1	XP_029053576.1
OG0003536	XP_015179061.1	XP_029039227.1
OG0003537	XP_015187014.1	XP_029042582.1
OG0003538	XP_015188192.1	XP_029038714.1
OG0003539	XP_015175944.1, XP_015175943.1	XP_029050922.1
OG0003541	XP_015186859.1	XP_029049663.1
OG0003542	XP_015173150.1	XP_029046860.1
OG0003543	XP_015178806.1, XP_015178805.1, XP_015178807.1	XP_029053894.1
OG0003544	XP_015178624.1	XP_029056166.1
OG0003546	XP_015189535.1	XP_029048475.1
OG0003547	XP_015177190.1, XP_015177195.1	XP_029041583.1
OG0003548	XP_015171009.1, XP_015171015.1, XP_015191858.1	XP_029055350.1
OG0003549	XP_015183420.1	XP_029040522.1
OG0003550	XP_015188185.1	XP_029046808.1
OG0003551	XP_015183277.1	XP_029039107.1
OG0003552	XP_015182252.1	XP_029052043.1
OG0003553	XP_015174078.1	XP_029047687.1
OG0003554	XP_015184773.1, XP_015177949.1, XP_015177947.1, XP_015177946.1	XP_029035150.1
OG0003555	XP_015187325.1, XP_015187326.1	XP_029051744.1
OG0003557	XP_015181228.1	XP_029043815.1
OG0003558	XP_015180452.1	XP_029049115.1
OG0003559	XP_015184593.1	XP_029054242.1
OG0003560	XP_015182654.1, XP_015182653.1	XP_029044371.1, XP_029044373.1, XP_029044372.1
OG0003561	XP_015172783.1	XP_029049845.1
OG0003562	XP_015180449.1	XP_029050981.1
OG0003563	XP_015183895.1	XP_029050862.1
OG0003564	XP_015177807.1	XP_029049257.1
OG0003565	XP_015173219.1	XP_029053084.1
OG0003566	XP_015175894.1	XP_029037639.1
OG0003567	XP_015171222.1	XP_029053030.1
OG0003568	XP_015186846.1	XP_029035465.1
OG0003569	XP_015188810.1	XP_029035484.1
OG0003570	XP_015184850.1	XP_029037502.1
OG0003571	XP_015188842.1	XP_029034698.1
OG0003572	XP_015180359.1	XP_029036929.1
OG0003573	XP_015176395.1	XP_029045591.1
OG0003574	XP_015180199.1	XP_029043232.1
OG0003575	XP_015189242.1, XP_015189244.1	XP_029052249.1
OG0003576	XP_015191153.1	XP_029033531.1
OG0003577	XP_015188140.1, XP_015188138.1	XP_029040474.1, XP_029040475.1
OG0003578	XP_015185296.1	XP_029032092.1, XP_029032091.1
OG0003579	XP_015189667.1, XP_015189666.1	XP_029044922.1
OG0003580	XP_015176659.1	XP_029051265.1
OG0003581	XP_015178236.1	XP_029052703.1, XP_029052912.1, XP_029052922.1, XP_029052693.1
OG0003582	XP_015171166.1	XP_029036310.1
OG0003583	XP_015187963.1	XP_029033066.1
OG0003584	XP_015171417.1, XP_015171418.1	XP_029047047.1
OG0003585	XP_015182635.1	XP_029044158.1
OG0003586	XP_015179128.1	XP_029035524.1, XP_029035523.1, XP_029035525.1
OG0003587	XP_015188861.1	XP_029039212.1
OG0003588	XP_015190836.1	XP_029055824.1
OG0003589	XP_015183139.1	XP_029040951.1
OG0003591	XP_015186079.1	XP_029033068.1
OG0003592	XP_015184566.1, XP_015184564.1	XP_029043985.1
OG0003593	XP_015173292.1	XP_029056066.1
OG0003595	XP_015172110.1	XP_029056349.1, XP_029056350.1, XP_029056351.1
OG0003596	XP_015190501.1, XP_015190500.1	XP_029041095.1
OG0003597	XP_015178764.1, XP_015178759.1	XP_029032907.1
OG0003598	XP_015185114.1, XP_015185115.1	XP_029038696.1
OG0003599	XP_015189391.1	XP_029052931.1
OG0003600	XP_015183212.1, XP_015183210.1	XP_029055607.1
OG0003601	XP_015174424.1	XP_029048739.1, XP_029048740.1, XP_029048741.1
OG0003602	XP_015177763.1	XP_029044539.1
OG0003603	XP_015174559.1	XP_029049784.1, XP_029049783.1, XP_029049785.1
OG0003604	XP_015171376.1	XP_029040234.1
OG0003605	XP_015189917.1	XP_029046902.1
OG0003606	XP_015180047.1	XP_029039741.1
OG0003607	XP_015173581.1	XP_029047478.1
OG0003608	XP_015178046.1	XP_029035906.1
OG0003609	XP_015189110.1	XP_029041846.1, XP_029041569.1, XP_029041559.1, XP_029041838.1
OG0003610	XP_015185969.1	XP_029052676.1
OG0003611	XP_015172531.1	XP_029048850.1
OG0003612	XP_015187487.1	XP_029036874.1
OG0003613	XP_015179196.1	XP_029046130.1, XP_029046129.1
OG0003614	XP_015186250.1	XP_029033772.1
OG0003615	XP_015188101.1	XP_029042200.1
OG0003616	XP_015181795.1	XP_029044884.1
OG0003618	XP_015184949.1	XP_029049323.1
OG0003619	XP_015185689.1, XP_015185691.1	XP_029039834.1
OG0003620	XP_015184239.1	XP_029034042.1
OG0003621	XP_015191757.1	XP_029051490.1
OG0003622	XP_015182792.1	XP_029050716.1
OG0003623	XP_015190811.1	XP_029032666.1
OG0003624	XP_015186504.1	XP_029047684.1
OG0003625	XP_015172702.1	XP_029045419.1
OG0003626	XP_015171997.1	XP_029052789.1
OG0003627	XP_015175417.1	XP_029044216.1
OG0003628	XP_015175737.1, XP_015175739.1	XP_029051667.1
OG0003629	XP_015188174.1	XP_029039549.1
OG0003630	XP_015190004.1	XP_029042207.1, XP_029042213.1
OG0003631	XP_015174755.1	XP_029052685.1
OG0003632	XP_015173819.1	XP_029037867.1
OG0003633	XP_015180525.1	XP_029046939.1, XP_029046942.1, XP_029046931.1, XP_029046952.1
OG0003634	XP_015187862.1	XP_029054210.1
OG0003635	XP_015187377.1	XP_029050430.1, XP_029050427.1
OG0003636	XP_015177875.1	XP_029049263.1
OG0003637	XP_015179482.1	XP_029041602.1
OG0003638	XP_015173026.1	XP_029034461.1
OG0003639	XP_015174107.1	XP_029035387.1
OG0003640	XP_015178454.1	XP_029049160.1
OG0003641	XP_015190285.1	XP_029052298.1
OG0003642	XP_015174291.1	XP_029033432.1, XP_029033438.1
OG0003643	XP_015185184.1	XP_029050373.1
OG0003644	XP_015191807.1	XP_029039222.1
OG0003645	XP_015183115.1, XP_015183114.1	XP_029047174.1
OG0003646	XP_015187736.1	XP_029037749.1
OG0003647	XP_015185852.1, XP_015185851.1	XP_029039438.1
OG0003648	XP_015176369.1	XP_029037405.1
OG0003649	XP_015186217.1	XP_029052228.1
OG0003650	XP_015182693.1	XP_029033875.1
OG0003651	XP_015188397.1	XP_029036425.1
OG0003652	XP_015179532.1, XP_015179531.1	XP_029054464.1
OG0003653	XP_015189124.1, XP_015189125.1, XP_015189127.1, XP_015189123.1	XP_029050212.1
OG0003654	XP_015181506.1	XP_029054720.1
OG0003656	XP_015179863.1	XP_029033884.1, XP_029033883.1
OG0003657	XP_015186329.1	XP_029045275.1
OG0003658	XP_015189260.1	XP_029051922.1
OG0003661	XP_015177326.1	XP_029047840.1, XP_029047839.1, XP_029047837.1, XP_029047838.1
OG0003662	XP_015184494.1, XP_015184520.1	XP_029050445.1, XP_029050446.1, XP_029050444.1
OG0003663	XP_015178350.1	XP_029047237.1
OG0003664	XP_015182868.1	XP_029048070.1
OG0003665	XP_015184180.1	XP_029048052.1
OG0003666	XP_015186617.1	XP_029053222.1, XP_029053268.1
OG0003667	XP_015177417.1	XP_029038415.1
OG0003668	XP_015191282.1	XP_029037358.1, XP_029037357.1
OG0003669	XP_015187439.1	XP_029050363.1
OG0003670	XP_015191499.1	XP_029035491.1
OG0003671	XP_015173632.1, XP_015173630.1	XP_029033033.1
OG0003673	XP_015172847.1	XP_029048647.1
OG0003674	XP_015191449.1	XP_029048862.1
OG0003675	XP_015173065.1, XP_015184637.1	XP_029054743.1
OG0003676	XP_015184460.1	XP_029053351.1
OG0003677	XP_015171868.1	XP_029046464.1
OG0003678	XP_015183770.1, XP_015183769.1	XP_029053070.1
OG0003679	XP_015177682.1	XP_029046896.1
OG0003680	XP_015184326.1, XP_015184324.1	XP_029039740.1
OG0003681	XP_015188376.1	XP_029051791.1
OG0003682	XP_015184329.1	XP_029051407.1
OG0003683	XP_015171642.1, XP_015171643.1, XP_015189958.1	XP_029034363.1
OG0003684	XP_015180499.1	XP_029043337.1, XP_029043336.1
OG0003685	XP_015187113.1	XP_029043400.1
OG0003686	XP_015187265.1, XP_015187266.1	XP_029053875.1
OG0003687	XP_015187834.1	XP_029051985.1
OG0003688	XP_015175694.1	XP_029036700.1
OG0003690	XP_015185367.1	XP_029055855.1
OG0003691	XP_015187503.1	XP_029044581.1, XP_029044578.1
OG0003692	XP_015184777.1, XP_015184775.1	XP_029046010.1
OG0003694	XP_015171267.1	XP_029045006.1
OG0003695	XP_015179486.1, XP_015179479.1, XP_015180835.1	XP_029032901.1, XP_029032900.1, XP_029032902.1
OG0003696	XP_015186073.1	XP_029054614.1, XP_029054589.1, XP_029054613.1, XP_029054600.1
OG0003697	XP_015174536.1	XP_029049584.1
OG0003698	XP_015175020.1	XP_029043272.1, XP_029043274.1
OG0003699	XP_015179294.1	XP_029040902.1
OG0003700	XP_015189156.1	XP_029049819.1
OG0003701	XP_015190154.1	XP_029037965.1
OG0003702	XP_015181318.1, XP_015181319.1	XP_029042015.1
OG0003703	XP_015183459.1, XP_015183461.1, XP_015183458.1, XP_015183462.1, XP_015183460.1	XP_029055773.1
OG0003704	XP_015185650.1, XP_015185585.1, XP_015185584.1	XP_029043102.1, XP_029043104.1, XP_029043103.1
OG0003705	XP_015188935.1, XP_015188937.1, XP_015188936.1	XP_029050851.1, XP_029050850.1
OG0003706	XP_015180053.1	XP_029043559.1
OG0003709	XP_015173532.1	XP_029035954.1
OG0003710	XP_015176218.1	XP_029032888.1, XP_029032887.1
OG0003711	XP_015186331.1	XP_029045256.1
OG0003712	XP_015180180.1, XP_015180181.1	XP_029040523.1
OG0003713	XP_015179134.1	XP_029046145.1
OG0003714	XP_015183809.1	XP_029051648.1
OG0003715	XP_015190210.1	XP_029035250.1
OG0003716	XP_015188866.1	XP_029037543.1
OG0003717	XP_015190092.1, XP_015190091.1	XP_029056541.1
OG0003718	XP_015181987.1	XP_029047524.1, XP_029047523.1
OG0003719	XP_015171019.1	XP_029050575.1
OG0003720	XP_015176245.1	XP_029051289.1
OG0003721	XP_015178907.1	XP_029034997.1
OG0003722	XP_015174348.1	XP_029053961.1
OG0003723	XP_015180112.1	XP_029054817.1
OG0003724	XP_015177003.1	XP_029046805.1
OG0003725	XP_015171328.1	XP_029049830.1
OG0003726	XP_015181489.1, XP_015181490.1	XP_029036552.1
OG0003727	XP_015177612.1	XP_029053216.1
OG0003728	XP_015179876.1	XP_029052546.1
OG0003729	XP_015190645.1	XP_029052113.1
OG0003730	XP_015174154.1, XP_015174155.1, XP_015174153.1, XP_015174152.1	XP_029039730.1
OG0003731	XP_015191213.1	XP_029050078.1
OG0003732	XP_015179754.1	XP_029043129.1
OG0003733	XP_015176936.1	XP_029045558.1
OG0003734	XP_015179650.1	XP_029039082.1
OG0003735	XP_015177433.1	XP_029034795.1
OG0003736	XP_015177526.1	XP_029049902.1
OG0003737	XP_015173696.1	XP_029055386.1
OG0003738	XP_015186822.1	XP_029045525.1
OG0003739	XP_015172957.1	XP_029045869.1
OG0003740	XP_015184823.1, XP_015184822.1	XP_029036732.1, XP_029036733.1
OG0003741	XP_015177543.1	XP_029032380.1
OG0003742	XP_015172764.1, XP_015172765.1	XP_029044365.1
OG0003743	XP_015171467.1	XP_029035376.1
OG0003744	XP_015179632.1	XP_029036759.1, XP_029036760.1
OG0003745	XP_015177298.1	XP_029052039.1
OG0003746	XP_015174963.1	XP_029043858.1, XP_029043855.1, XP_029043854.1, XP_029043856.1, XP_029043857.1
OG0003747	XP_015180916.1	XP_029047301.1
OG0003748	XP_015189373.1	XP_029048905.1
OG0003749	XP_015183750.1, XP_015183749.1	XP_029042601.1
OG0003750	XP_015176785.1	XP_029039926.1, XP_029039925.1
OG0003752	XP_015187984.1	XP_029048462.1
OG0003753	XP_015182951.1	XP_029051271.1
OG0003754	XP_015183116.1	XP_029043483.1
OG0003755	XP_015189093.1, XP_015189091.1	XP_029053940.1, XP_029053941.1, XP_029053939.1
OG0003756	XP_015171541.1	XP_029045758.1
OG0003757	XP_015174113.1	XP_029045774.1
OG0003758	XP_015182777.1	XP_029034588.1
OG0003759	XP_015184466.1	XP_029050480.1
OG0003760	XP_015174719.1	XP_029037098.1
OG0003761	XP_015190519.1	XP_029047267.1
OG0003762	XP_015173510.1	XP_029052660.1
OG0003763	XP_015187181.1	XP_029036802.1
OG0003764	XP_015174657.1, XP_015174656.1	XP_029056051.1
OG0003765	XP_015183368.1	XP_029038929.1
OG0003766	XP_015185303.1	XP_029036295.1
OG0003767	XP_015184820.1	XP_029042781.1
OG0003768	XP_015189277.1	XP_029032924.1
OG0003769	XP_015172851.1	XP_029052457.1
OG0003770	XP_015183795.1	XP_029038857.1
OG0003771	XP_015184216.1	XP_029051563.1
OG0003772	XP_015179985.1	XP_029046720.1
OG0003773	XP_015183792.1	XP_029042098.1
OG0003774	XP_015181167.1	XP_029044954.1, XP_029044953.1
OG0003775	XP_015187323.1	XP_029033736.1
OG0003776	XP_015171436.1	XP_029045264.1
OG0003777	XP_015179040.1	XP_029047823.1
OG0003778	XP_015188502.1	XP_029050915.1
OG0003779	XP_015180110.1	XP_029054812.1, XP_029054806.1
OG0003780	XP_015187159.1	XP_029043405.1
OG0003781	XP_015175988.1	XP_029040819.1
OG0003782	XP_015180130.1	XP_029053660.1
OG0003783	XP_015183435.1	XP_029050055.1
OG0003784	XP_015179669.1	XP_029044538.1, XP_029044536.1, XP_029044537.1
OG0003785	XP_015176815.1	XP_029056092.1, XP_029056124.1
OG0003786	XP_015177933.1	XP_029033384.1
OG0003787	XP_015175131.1	XP_029044826.1
OG0003788	XP_015176660.1	XP_029042384.1
OG0003789	XP_015175517.1, XP_015175518.1	XP_029052708.1
OG0003790	XP_015190159.1, XP_015190160.1, XP_015190158.1	XP_029037976.1
OG0003791	XP_015185362.1	XP_029038681.1
OG0003792	XP_015174189.1	XP_029048011.1
OG0003793	XP_015183909.1	XP_029051701.1
OG0003794	XP_015176948.1	XP_029052467.1
OG0003795	XP_015187599.1	XP_029040862.1
OG0003796	XP_015184118.1	XP_029051551.1
OG0003797	XP_015171240.1	XP_029042076.1
OG0003798	XP_015188416.1	XP_029054518.1
OG0003799	XP_015187960.1	XP_029033058.1
OG0003800	XP_015186243.1	XP_029043553.1
OG0003801	XP_015183039.1	XP_029056188.1, XP_029056232.1
OG0003802	XP_015180931.1	XP_029046003.1
OG0003803	XP_015182552.1	XP_029041013.1
OG0003804	XP_015171066.1	XP_029036983.1
OG0003805	XP_015182666.1	XP_029044771.1, XP_029045157.1
OG0003806	XP_015189254.1	XP_029049623.1
OG0003807	XP_015179639.1	XP_029043401.1
OG0003808	XP_015180008.1	XP_029040315.1
OG0003809	XP_015171756.1	XP_029037768.1
OG0003810	XP_015171996.1	XP_029048871.1
OG0003811	XP_015190894.1	XP_029041350.1
OG0003812	XP_015172466.1	XP_029052088.1
OG0003813	XP_015179203.1	XP_029046194.1
OG0003814	XP_015172369.1	XP_029050642.1
OG0003815	XP_015172209.1, XP_015172210.1	XP_029046579.1
OG0003816	XP_015181644.1	XP_029051328.1, XP_029051330.1, XP_029051329.1
OG0003817	XP_015171672.1	XP_029037485.1, XP_029037486.1, XP_029037487.1
OG0003818	XP_015188004.1	XP_029052994.1
OG0003819	XP_015179449.1, XP_015179450.1	XP_029045910.1
OG0003820	XP_015190192.1	XP_029037459.1
OG0003821	XP_015180689.1	XP_029036160.1
OG0003822	XP_015185443.1	XP_029038199.1
OG0003823	XP_015186419.1	XP_029040157.1
OG0003824	XP_015184433.1	XP_029050263.1, XP_029050262.1
OG0003825	XP_015178745.1	XP_029041059.1
OG0003827	XP_015189198.1, XP_015189197.1	XP_029037831.1, XP_029037832.1
OG0003828	XP_015178908.1	XP_029044619.1
OG0003829	XP_015174901.1	XP_029045058.1
OG0003830	XP_015182262.1	XP_029043159.1
OG0003831	XP_015179782.1	XP_029039085.1, XP_029039083.1, XP_029039084.1
OG0003832	XP_015185403.1	XP_029052482.1
OG0003833	XP_015186218.1	XP_029052220.1
OG0003834	XP_015184254.1	XP_029040598.1
OG0003835	XP_015182810.1	XP_029056434.1
OG0003837	XP_015179423.1	XP_029035629.1
OG0003838	XP_015182676.1	XP_029037261.1
OG0003839	XP_015180223.1	XP_029044186.1
OG0003840	XP_015183859.1, XP_015183860.1, XP_015183858.1	XP_029035108.1
OG0003841	XP_015189810.1	XP_029048296.1
OG0003842	XP_015189227.1	XP_029034632.1
OG0003843	XP_015180612.1	XP_029035704.1
OG0003844	XP_015175735.1	XP_029053910.1, XP_029053968.1
OG0003845	XP_015182750.1	XP_029037029.1
OG0003846	XP_015191205.1	XP_029050089.1, XP_029050090.1
OG0003847	XP_015187712.1	XP_029035049.1
OG0003848	XP_015187951.1	XP_029036587.1
OG0003849	XP_015188757.1	XP_029052097.1
OG0003850	XP_015179239.1	XP_029039694.1
OG0003851	XP_015171678.1	XP_029048979.1
OG0003852	XP_015182590.1, XP_015182589.1	XP_029042737.1
OG0003853	XP_015186918.1, XP_015186920.1, XP_015186919.1	XP_029049255.1, XP_029049256.1
OG0003854	XP_015175346.1	XP_029049478.1
OG0003855	XP_015188067.1, XP_015188068.1	XP_029038420.1
OG0003856	XP_015174036.1	XP_029045891.1
OG0003857	XP_015180302.1	XP_029043710.1
OG0003858	XP_015186991.1	XP_029034160.1
OG0003859	XP_015185008.1	XP_029039637.1
OG0003860	XP_015173030.1	XP_029043659.1
OG0003861	XP_015182763.1, XP_015182764.1	XP_029039208.1
OG0003862	XP_015186271.1, XP_015186272.1	XP_029045277.1, XP_029045278.1, XP_029045276.1
OG0003863	XP_015171925.1, XP_015171915.1	XP_029052281.1, XP_029052280.1
OG0003864	XP_015186663.1	XP_029044248.1, XP_029044156.1
OG0003865	XP_015179461.1	XP_029045972.1
OG0003866	XP_015191594.1	XP_029053409.1
OG0003867	XP_015176696.1	XP_029042702.1, XP_029043014.1
OG0003869	XP_015190256.1	XP_029049103.1
OG0003870	XP_015188129.1	XP_029034201.1
OG0003871	XP_015175350.1	XP_029038289.1
OG0003872	XP_015182385.1, XP_015182386.1	XP_029046826.1
OG0003873	XP_015189200.1	XP_029038046.1
OG0003874	XP_015173727.1	XP_029046055.1, XP_029046056.1, XP_029046054.1
OG0003875	XP_015190606.1	XP_029046371.1
OG0003876	XP_015174174.1	XP_029048063.1
OG0003877	XP_015177052.1	XP_029049231.1
OG0003878	XP_015172511.1	XP_029046611.1
OG0003879	XP_015190423.1	XP_029047776.1
OG0003880	XP_015184793.1	XP_029051735.1
OG0003881	XP_015176444.1	XP_029045713.1
OG0003882	XP_015189010.1	XP_029037183.1
OG0003883	XP_015184816.1	XP_029049610.1
OG0003884	XP_015178038.1, XP_015178067.1	XP_029053050.1
OG0003885	XP_015183701.1, XP_015183702.1, XP_015183703.1	XP_029034493.1, XP_029034483.1
OG0003886	XP_015187891.1	XP_029037861.1
OG0003887	XP_015174435.1	XP_029033893.1
OG0003888	XP_015187059.1	XP_029031917.1
OG0003889	XP_015181006.1	XP_029046245.1
OG0003890	XP_015171801.1	XP_029044073.1
OG0003891	XP_015177431.1	XP_029034767.1
OG0003892	XP_015177759.1	XP_029041793.1
OG0003893	XP_015187989.1	XP_029056255.1, XP_029056249.1
OG0003894	XP_015174222.1	XP_029040454.1, XP_029040455.1
OG0003895	XP_015182152.1	XP_029050282.1
OG0003896	XP_015185567.1, XP_015185568.1	XP_029041216.1
OG0003897	XP_015182364.1	XP_029035620.1
OG0003898	XP_015183619.1	XP_029053977.1
OG0003899	XP_015184667.1	XP_029039391.1
OG0003900	XP_015178278.1	XP_029051056.1
OG0003901	XP_015176385.1	XP_029040758.1
OG0003902	XP_015189056.1	XP_029038932.1, XP_029038942.1
OG0003903	XP_015185771.1	XP_029043387.1
OG0003904	XP_015186503.1	XP_029047616.1, XP_029047617.1
OG0003905	XP_015175617.1, XP_015175618.1, XP_015175616.1	XP_029035384.1
OG0003906	XP_015186483.1	XP_029047656.1, XP_029047648.1
OG0003907	XP_015184805.1, XP_015176229.1	XP_029045606.1
OG0003908	XP_015173361.1	XP_029031944.1, XP_029031877.1
OG0003909	XP_015191271.1	XP_029050304.1
OG0003910	XP_015184281.1	XP_029032100.1
OG0003911	XP_015185630.1, XP_015185631.1, XP_015185628.1, XP_015185629.1	XP_029041919.1
OG0003912	XP_015182946.1	XP_029051233.1
OG0003913	XP_015184261.1	XP_029033654.1, XP_029033668.1
OG0003914	XP_015186068.1	XP_029036230.1
OG0003915	XP_015175075.1	XP_029048524.1
OG0003916	XP_015181429.1, XP_015181430.1	XP_029040369.1
OG0003917	XP_015191779.1	XP_029041629.1, XP_029041900.1
OG0003918	XP_015184223.1	XP_029048041.1
OG0003919	XP_015176605.1	XP_029045665.1
OG0003920	XP_015186478.1	XP_029043596.1
OG0003921	XP_015177797.1, XP_015177796.1	XP_029033486.1, XP_029033477.1
OG0003922	XP_015190521.1	XP_029040226.1
OG0003923	XP_015171117.1, XP_015171124.1	XP_029036309.1, XP_029036307.1
OG0003924	XP_015182758.1	XP_029036535.1
OG0003925	XP_015182962.1	XP_029037541.1
OG0003926	XP_015181798.1	XP_029040261.1
OG0003927	XP_015186939.1	XP_029049965.1, XP_029049964.1
OG0003928	XP_015191812.1	XP_029036433.1
OG0003929	XP_015186045.1	XP_029040382.1, XP_029040366.1
OG0003930	XP_015175314.1	XP_029052273.1
OG0003931	XP_015179434.1	XP_029054154.1, XP_029055507.1, XP_029054104.1, XP_029055516.1
OG0003932	XP_015183051.1	XP_029036376.1
OG0003933	XP_015174139.1	XP_029051129.1, XP_029051138.1
OG0003934	XP_015185833.1	XP_029037010.1
OG0003935	XP_015178777.1	XP_029033538.1
OG0003936	XP_015181374.1	XP_029046102.1
OG0003937	XP_015188003.1	XP_029042713.1
OG0003938	XP_015185910.1	XP_029043278.1
OG0003939	XP_015182573.1	XP_029035106.1, XP_029035114.1
OG0003940	XP_015176999.1	XP_029045787.1, XP_029045786.1
OG0003941	XP_015191702.1	XP_029045859.1, XP_029045860.1
OG0003942	XP_015190766.1	XP_029056560.1
OG0003943	XP_015176455.1	XP_029045735.1
OG0003944	XP_015177805.1	XP_029053106.1
OG0003945	XP_015183165.1	XP_029054168.1
OG0003946	XP_015187495.1	XP_029041819.1
OG0003947	XP_015185637.1	XP_029041221.1, XP_029041222.1
OG0003948	XP_015176916.1, XP_015176917.1	XP_029050646.1
OG0003950	XP_015178732.1, XP_015178731.1, XP_015178728.1, XP_015178729.1, XP_015178727.1	XP_029056398.1
OG0003951	XP_015183700.1	XP_029051234.1
OG0003952	XP_015171971.1	XP_029044859.1
OG0003953	XP_015174381.1	XP_029054435.1
OG0003954	XP_015179401.1	XP_029048420.1
OG0003955	XP_015189075.1	XP_029041948.1
OG0003956	XP_015191809.1	XP_029047464.1, XP_029047473.1, XP_029047455.1
OG0003957	XP_015187610.1, XP_015187609.1, XP_015187608.1, XP_015187607.1	XP_029044497.1
OG0003958	XP_015174191.1	XP_029040931.1
OG0003959	XP_015184862.1	XP_029041419.1
OG0003960	XP_015174780.1	XP_029036645.1
OG0003961	XP_015176361.1	XP_029034967.1
OG0003962	XP_015178536.1	XP_029041589.1
OG0003963	XP_015182047.1	XP_029033559.1, XP_029033515.1
OG0003964	XP_015176829.1	XP_029045547.1
OG0003965	XP_015183672.1, XP_015183673.1	XP_029054031.1
OG0003966	XP_015171981.1	XP_029045283.1
OG0003967	XP_015191446.1	XP_029043257.1
OG0003968	XP_015180277.1	XP_029048173.1
OG0003969	XP_015191535.1	XP_029033054.1
OG0003970	XP_015177959.1	XP_029042109.1, XP_029042107.1
OG0003971	XP_015187239.1	XP_029052173.1
OG0003972	XP_015180298.1	XP_029048203.1
OG0003973	XP_015180148.1	XP_029046326.1
OG0003974	XP_015181752.1	XP_029044853.1
OG0003975	XP_015175402.1	XP_029050116.1
OG0003976	XP_015183906.1	XP_029048240.1, XP_029048241.1, XP_029048239.1
OG0003977	XP_015190572.1, XP_015190569.1, XP_015190570.1	XP_029041596.1
OG0003978	XP_015174165.1	XP_029041727.1
OG0003979	XP_015181533.1, XP_015181535.1, XP_015181534.1	XP_029038843.1
OG0003980	XP_015179105.1	XP_029044166.1
OG0003981	XP_015179337.1	XP_029045832.1
OG0003982	XP_015171669.1	XP_029038288.1
OG0003983	XP_015177993.1	XP_029039682.1
OG0003984	XP_015178448.1	XP_029034286.1
OG0003985	XP_015180923.1	XP_029036828.1
OG0003986	XP_015182657.1	XP_029044694.1
OG0003987	XP_015180174.1, XP_015180171.1	XP_029047360.1
OG0003988	XP_015178187.1	XP_029043865.1
OG0003989	XP_015171575.1	XP_029052348.1
OG0003990	XP_015188978.1	XP_029044339.1
OG0003991	XP_015177782.1	XP_029040950.1
OG0003992	XP_015176116.1	XP_029050326.1
OG0003993	XP_015181677.1	XP_029038587.1
OG0003994	XP_015181594.1, XP_015181593.1	XP_029053341.1
OG0003995	XP_015172117.1	XP_029052847.1
OG0003996	XP_015179812.1, XP_015179973.1	XP_029045510.1
OG0003997	XP_015191115.1	XP_029055677.1
OG0003998	XP_015190272.1	XP_029038562.1
OG0003999	XP_015173606.1	XP_029033223.1, XP_029033226.1
OG0004000	XP_015183976.1	XP_029043255.1
OG0004001	XP_015183525.1	XP_029050780.1
OG0004002	XP_015180994.1	XP_029039581.1, XP_029039583.1, XP_029039582.1
OG0004003	XP_015174985.1	XP_029046271.1
OG0004004	XP_015183989.1, XP_015183988.1	XP_029043704.1
OG0004005	XP_015185905.1	XP_029043276.1
OG0004006	XP_015183941.1	XP_029051290.1
OG0004008	XP_015173879.1	XP_029036713.1
OG0004009	XP_015173384.1	XP_029050005.1
OG0004010	XP_015173285.1	XP_029056452.1, XP_029056451.1
OG0004012	XP_015188802.1	XP_029050248.1
OG0004013	XP_015184624.1	XP_029048562.1, XP_029048563.1, XP_029048565.1
OG0004014	XP_015183104.1	XP_029056267.1
OG0004016	XP_015172081.1	XP_029049422.1
OG0004017	XP_015178267.1	XP_029038467.1
OG0004018	XP_015188600.1	XP_029049756.1, XP_029049757.1
OG0004019	XP_015185169.1	XP_029042144.1
OG0004020	XP_015178646.1	XP_029039129.1
OG0004021	XP_015176151.1	XP_029051369.1
OG0004022	XP_015175677.1	XP_029049640.1
OG0004023	XP_015180863.1	XP_029051887.1
OG0004024	XP_015174925.1	XP_029052543.1, XP_029052515.1
OG0004025	XP_015184499.1, XP_015184498.1	XP_029039948.1, XP_029039949.1
OG0004026	XP_015191774.1, XP_015191773.1	XP_029042865.1
OG0004027	XP_015189301.1	XP_029035058.1
OG0004028	XP_015178883.1	XP_029045672.1
OG0004029	XP_015180303.1	XP_029042462.1
OG0004030	XP_015191045.1	XP_029045399.1
OG0004031	XP_015173705.1	XP_029031958.1, XP_029031957.1
OG0004032	XP_015190132.1	XP_029037972.1, XP_029037971.1
OG0004033	XP_015182744.1	XP_029037028.1
OG0004034	XP_015175821.1	XP_029037441.1
OG0004035	XP_015174077.1	XP_029050839.1
OG0004036	XP_015184002.1	XP_029043572.1
OG0004037	XP_015180175.1	XP_029035196.1
OG0004038	XP_015180362.1	XP_029035037.1
OG0004040	XP_015179378.1, XP_015187288.1	XP_029043576.1, XP_029043435.1
OG0004041	XP_015187156.1, XP_015187157.1	XP_029043338.1
OG0004042	XP_015191293.1	XP_029050302.1
OG0004043	XP_015174731.1, XP_015174726.1	XP_029045079.1
OG0004045	XP_015176323.1	XP_029044384.1
OG0004046	XP_015181696.1	XP_029037278.1, XP_029037279.1
OG0004047	XP_015191263.1	XP_029048635.1
OG0004048	XP_015176742.1, XP_015176733.1	XP_029053762.1
OG0004049	XP_015174161.1, XP_015174159.1, XP_015174160.1	XP_029032862.1
OG0004050	XP_015189950.1	XP_029045288.1
OG0004051	XP_015180376.1	XP_029035830.1
OG0004052	XP_015177405.1, XP_015177406.1	XP_029040833.1
OG0004053	XP_015185708.1	XP_029034398.1
OG0004054	XP_015177268.1	XP_029045279.1, XP_029045280.1
OG0004055	XP_015191019.1	XP_029039987.1
OG0004056	XP_015185777.1	XP_029036405.1
OG0004058	XP_015186468.1, XP_015186467.1, XP_015186469.1	XP_029036860.1
OG0004059	XP_015172701.1	XP_029035787.1
OG0004060	XP_015185066.1	XP_029041336.1
OG0004061	XP_015179001.1	XP_029048584.1
OG0004062	XP_015187758.1	XP_029038961.1
OG0004063	XP_015172856.1	XP_029033894.1
OG0004064	XP_015187710.1	XP_029046291.1
OG0004065	XP_015173682.1, XP_015173694.1	XP_029048267.1
OG0004067	XP_015188922.1	XP_029039317.1
OG0004068	XP_015185932.1	XP_029042732.1
OG0004069	XP_015178953.1	XP_029048947.1
OG0004070	XP_015183528.1	XP_029052049.1
OG0004071	XP_015178206.1	XP_029032737.1
OG0004072	XP_015191086.1	XP_029045418.1
OG0004073	XP_015181041.1, XP_015181040.1	XP_029042907.1
OG0004074	XP_015188764.1	XP_029047359.1
OG0004075	XP_015179558.1	XP_029039006.1
OG0004076	XP_015183756.1, XP_015183757.1, XP_015183755.1, XP_015183754.1	XP_029049695.1
OG0004077	XP_015184935.1	XP_029045784.1, XP_029045783.1
OG0004078	XP_015171408.1	XP_029040258.1
OG0004079	XP_015173930.1, XP_015173935.1	XP_029053668.1
OG0004080	XP_015183962.1, XP_015183961.1	XP_029043242.1, XP_029043240.1
OG0004081	XP_015191525.1	XP_029037352.1, XP_029037348.1
OG0004082	XP_015179425.1	XP_029052201.1, XP_029052202.1
OG0004083	XP_015178389.1	XP_029043350.1
OG0004084	XP_015179514.1, XP_015179513.1	XP_029047631.1
OG0004085	XP_015182510.1	XP_029040477.1
OG0004086	XP_015179120.1	XP_029040901.1
OG0004087	XP_015191784.1	XP_029036515.1, XP_029036514.1
OG0004088	XP_015178738.1, XP_015178730.1	XP_029032904.1
OG0004089	XP_015191287.1	XP_029048577.1
OG0004090	XP_015174996.1	XP_029041189.1
OG0004091	XP_015191851.1	XP_029033395.1, XP_029045291.1
OG0004092	XP_015179701.1	XP_029054687.1
OG0004093	XP_015188778.1	XP_029042649.1
OG0004094	XP_015188690.1	XP_029055561.1
OG0004095	XP_015171602.1	XP_029050885.1
OG0004096	XP_015189028.1	XP_029055973.1
OG0004097	XP_015188596.1	XP_029032591.1
OG0004098	XP_015172878.1	XP_029033779.1
OG0004099	XP_015177377.1	XP_029035537.1
OG0004100	XP_015180349.1	XP_029038318.1
OG0004101	XP_015182853.1, XP_015182856.1, XP_015182854.1, XP_015182855.1	XP_029052623.1
OG0004102	XP_015171873.1	XP_029052057.1, XP_029052055.1
OG0004103	XP_015183632.1	XP_029051237.1
OG0004104	XP_015180090.1	XP_029048106.1
OG0004105	XP_015176038.1, XP_015176028.1, XP_015176047.1	XP_029049193.1
OG0004106	XP_015181585.1	XP_029037770.1
OG0004107	XP_015186759.1	XP_029038023.1
OG0004108	XP_015182634.1	XP_029044148.1
OG0004109	XP_015189541.1, XP_015189542.1, XP_015189544.1, XP_015189539.1, XP_015189540.1, XP_015189545.1	XP_029048476.1
OG0004110	XP_015171958.1	XP_029055713.1, XP_029055714.1
OG0004111	XP_015185351.1	XP_029053008.1
OG0004112	XP_015181462.1	XP_029040140.1
OG0004113	XP_015183299.1	XP_029034366.1, XP_029034367.1
OG0004114	XP_015174226.1	XP_029040461.1
OG0004116	XP_015175547.1	XP_029032720.1
OG0004119	XP_015174723.1, XP_015174724.1	XP_029045053.1
OG0004120	XP_015171783.1	XP_029042121.1
OG0004121	XP_015173141.1, XP_015173142.1	XP_029034479.1
OG0004123	XP_015188295.1	XP_029035760.1
OG0004125	XP_015186721.1	XP_029032641.1
OG0004126	XP_015173412.1	XP_029041862.1
OG0004127	XP_015183415.1	XP_029053556.1
OG0004128	XP_015190426.1	XP_029047342.1
OG0004129	XP_015180238.1	XP_029044185.1
OG0004130	XP_015173906.1, XP_015173907.1	XP_029051049.1
OG0004131	XP_015182422.1	XP_029038312.1
OG0004132	XP_015175633.1	XP_029053076.1
OG0004133	XP_015191395.1	XP_029035411.1
OG0004134	XP_015173305.1, XP_015173304.1, XP_015173307.1, XP_015173306.1	XP_029048129.1
OG0004135	XP_015177817.1	XP_029053108.1, XP_029053109.1
OG0004136	XP_015189170.1, XP_015189172.1, XP_015189171.1	XP_029056043.1, XP_029056045.1, XP_029056008.1, XP_029056009.1
OG0004137	XP_015191737.1, XP_015191736.1	XP_029045820.1
OG0004138	XP_015187075.1	XP_029047407.1
OG0004139	XP_015186306.1	XP_029043538.1
OG0004140	XP_015190927.1	XP_029038116.1
OG0004141	XP_015172017.1, XP_015172004.1	XP_029045281.1
OG0004142	XP_015183316.1	XP_029034340.1
OG0004143	XP_015176247.1	XP_029033521.1
OG0004144	XP_015176391.1, XP_015176390.1	XP_029032918.1
OG0004145	XP_015175270.1	XP_029036594.1
OG0004146	XP_015178715.1	XP_029039879.1
OG0004147	XP_015184734.1, XP_015184744.1	XP_029039267.1, XP_029039634.1
OG0004148	XP_015191454.1	XP_029042386.1
OG0004149	XP_015190364.1	XP_029039976.1
OG0004150	XP_015177212.1	XP_029036738.1
OG0004151	XP_015178739.1	XP_029039580.1
OG0004152	XP_015177517.1	XP_029053490.1
OG0004153	XP_015182610.1	XP_029036560.1
OG0004154	XP_015177125.1	XP_029034260.1, XP_029034240.1
OG0004155	XP_015185292.1, XP_015185293.1	XP_029033305.1
OG0004156	XP_015179468.1	XP_029036819.1, XP_029036821.1
OG0004157	XP_015184857.1	XP_029050214.1
OG0004158	XP_015191195.1	XP_029033676.1, XP_029033465.1
OG0004159	XP_015186772.1	XP_029037308.1, XP_029037299.1
OG0004160	XP_015173210.1	XP_029034458.1
OG0004161	XP_015185242.1	XP_029041427.1, XP_029041426.1
OG0004162	XP_015172799.1	XP_029042022.1
OG0004163	XP_015185340.1, XP_015185339.1	XP_029031959.1, XP_029031962.1, XP_029031960.1, XP_029031961.1
OG0004164	XP_015188949.1	XP_029035140.1, XP_029035139.1
OG0004165	XP_015174133.1	XP_029046169.1, XP_029046170.1
OG0004166	XP_015186046.1	XP_029037099.1
OG0004167	XP_015176929.1	XP_029037305.1, XP_029037306.1
OG0004168	XP_015172852.1	XP_029033899.1
OG0004169	XP_015173250.1	XP_029034624.1
OG0004170	XP_015185212.1	XP_029046344.1
OG0004171	XP_015176601.1	XP_029050224.1, XP_029050225.1
OG0004172	XP_015181004.1	XP_029046479.1
OG0004173	XP_015183938.1	XP_029044649.1
OG0004174	XP_015174798.1	XP_029043381.1
OG0004175	XP_015171529.1	XP_029034322.1, XP_029034324.1
OG0004177	XP_015181007.1	XP_029037201.1
OG0004178	XP_015178742.1	XP_029033504.1, XP_029033549.1
OG0004179	XP_015180766.1	XP_029046864.1
OG0004180	XP_015179437.1	XP_029034404.1
OG0004181	XP_015179853.1	XP_029033881.1
OG0004182	XP_015174087.1	XP_029035441.1
OG0004183	XP_015188317.1	XP_029055368.1
OG0004184	XP_015174685.1	XP_029049331.1, XP_029049329.1
OG0004185	XP_015184614.1	XP_029054192.1, XP_029054107.1
OG0004186	XP_015178532.1	XP_029038070.1
OG0004186	XP_015178531.1	XP_029038071.1
OG0004187	XP_015180907.1	XP_029042905.1
OG0004188	XP_015181907.1	XP_029050440.1
OG0004189	XP_015174946.1	XP_029043112.1
OG0004190	XP_015177220.1	XP_029052956.1
OG0004191	XP_015183716.1	XP_029047514.1
OG0004192	XP_015176251.1	XP_029044956.1
OG0004193	XP_015179438.1	XP_029034386.1, XP_029034385.1
OG0004194	XP_015189097.1	XP_029054962.1
OG0004195	XP_015179685.1	XP_029033060.1
OG0004196	XP_015186774.1	XP_029037027.1
OG0004197	XP_015189390.1	XP_029052916.1
OG0004198	XP_015189182.1	XP_029037834.1
OG0004199	XP_015185473.1	XP_029038242.1
OG0004201	XP_015189575.1	XP_029052122.1
OG0004202	XP_015185997.1	XP_029035300.1
OG0004203	XP_015186546.1	XP_029052425.1
OG0004204	XP_015182784.1	XP_029038532.1
OG0004205	XP_015179114.1	XP_029037118.1
OG0004206	XP_015185182.1	XP_029050369.1
OG0004207	XP_015176403.1	XP_029047393.1
OG0004209	XP_015173281.1	XP_029049299.1
OG0004210	XP_015176832.1, XP_015176833.1	XP_029045559.1
OG0004211	XP_015187178.1, XP_015187177.1	XP_029034782.1
OG0004212	XP_015184253.1	XP_029051144.1, XP_029051145.1, XP_029051143.1
OG0004213	XP_015179817.1	XP_029045515.1, XP_029045516.1
OG0004214	XP_015177415.1	XP_029043601.1
OG0004216	XP_015179144.1	XP_029051047.1
OG0004217	XP_015182917.1	XP_029041734.1, XP_029041519.1
OG0004218	XP_015188615.1	XP_029037926.1, XP_029037925.1
OG0004219	XP_015173044.1	XP_029055671.1, XP_029055670.1
OG0004220	XP_015191390.1, XP_015191391.1	XP_029056117.1, XP_029056120.1
OG0004222	XP_015185904.1	XP_029033139.1
OG0004223	XP_015178157.1	XP_029042174.1
OG0004224	XP_015191264.1	XP_029037126.1
OG0004225	XP_015184795.1	XP_029041801.1
OG0004226	XP_015177518.1	XP_029055150.1
OG0004227	XP_015186487.1	XP_029040589.1
OG0004228	XP_015185509.1	XP_029042709.1, XP_029042710.1
OG0004229	XP_015188447.1	XP_029051805.1
OG0004230	XP_015183072.1	XP_029037668.1
OG0004231	XP_015179089.1	XP_029039478.1
OG0004232	XP_015175867.1	XP_029044449.1
OG0004233	XP_015190506.1	XP_029037979.1, XP_029037978.1
OG0004234	XP_015171658.1	XP_029055775.1
OG0004235	XP_015177714.1, XP_015177717.1	XP_029039327.1
OG0004236	XP_015178698.1	XP_029056415.1
OG0004237	XP_015174804.1	XP_029044309.1
OG0004238	XP_015191487.1	XP_029049185.1
OG0004240	XP_015177896.1	XP_029049254.1
OG0004242	XP_015176234.1, XP_015176232.1	XP_029033932.1
OG0004243	XP_015187907.1	XP_029043674.1
OG0004244	XP_015173804.1, XP_015173805.1, XP_015173806.1	XP_029038610.1
OG0004245	XP_015174920.1	XP_029045052.1
OG0004247	XP_015181293.1	XP_029036411.1
OG0004248	XP_015187024.1	XP_029054796.1
OG0004249	XP_015176571.1, XP_015176570.1, XP_015176573.1	XP_029046721.1
OG0004250	XP_015187844.1, XP_015187845.1	XP_029045465.1, XP_029045466.1, XP_029045467.1
OG0004251	XP_015182207.1	XP_029052475.1
OG0004252	XP_015172047.1, XP_015172048.1	XP_029048138.1
OG0004253	XP_015190556.1	XP_029033926.1
OG0004254	XP_015174868.1	XP_029035785.1, XP_029035786.1
OG0004255	XP_015173643.1	XP_029052730.1
OG0004256	XP_015180885.1	XP_029034142.1
OG0004258	XP_015185642.1	XP_029035109.1
OG0004259	XP_015178561.1	XP_029038074.1, XP_029038077.1
OG0004260	XP_015172651.1	XP_029041609.1, XP_029041610.1
OG0004261	XP_015174911.1	XP_029037172.1
OG0004262	XP_015171874.1	XP_029052059.1, XP_029052058.1
OG0004263	XP_015191018.1, XP_015191016.1, XP_015191017.1	XP_029044333.1
OG0004264	XP_015173005.1	XP_029048503.1
OG0004265	XP_015184203.1, XP_015184210.1, XP_015184217.1	XP_029036852.1, XP_029036851.1, XP_029036854.1, XP_029036853.1
OG0004266	XP_015171963.1	XP_029046031.1
OG0004267	XP_015181089.1	XP_029056140.1, XP_029056142.1
OG0004268	XP_015182717.1	XP_029038184.1
OG0004269	XP_015181893.1, XP_015181892.1	XP_029033284.1
OG0004271	XP_015189378.1, XP_015189256.1, XP_015189815.1	XP_029054532.1
OG0004275	XP_015178640.1	XP_029056413.1
OG0004276	XP_015188500.1	XP_029050945.1
OG0004277	XP_015189111.1	XP_029041914.1, XP_029041644.1
OG0004278	XP_015180165.1	XP_029045536.1
OG0004279	XP_015174956.1	XP_029051038.1
OG0004280	XP_015172726.1	XP_029046372.1
OG0004281	XP_015186404.1	XP_029052592.1
OG0004282	XP_015180529.1	XP_029035549.1
OG0004283	XP_015190724.1	XP_029048292.1
OG0004284	XP_015184075.1	XP_029040324.1
OG0004285	XP_015189334.1, XP_015189335.1, XP_015189336.1	XP_029048526.1
OG0004286	XP_015177162.1	XP_029053520.1
OG0004287	XP_015178914.1	XP_029044626.1
OG0004288	XP_015176821.1	XP_029037334.1
OG0004289	XP_015182833.1	XP_029045237.1
OG0004290	XP_015172148.1	XP_029050624.1
OG0004291	XP_015190916.1, XP_015190917.1	XP_029036679.1
OG0004292	XP_015186257.1	XP_029049920.1
OG0004293	XP_015177884.1	XP_029051062.1
OG0004294	XP_015181814.1	XP_029037022.1
OG0004295	XP_015173308.1	XP_029048132.1
OG0004296	XP_015187729.1	XP_029050425.1
OG0004297	XP_015172606.1	XP_029038806.1
OG0004298	XP_015180601.1, XP_015180602.1	XP_029039591.1
OG0004299	XP_015177839.1	XP_029055450.1
OG0004300	XP_015182548.1	XP_029047334.1
OG0004301	XP_015176359.1	XP_029042808.1
OG0004302	XP_015182963.1	XP_029046933.1
OG0004303	XP_015176498.1	XP_029042976.1
OG0004304	XP_015172976.1	XP_029054411.1
OG0004305	XP_015189622.1	XP_029034101.1
OG0004306	XP_015177363.1, XP_015177362.1	XP_029045459.1
OG0004307	XP_015178868.1	XP_029048638.1
OG0004308	XP_015174953.1	XP_029050979.1
OG0004309	XP_015187330.1	XP_029043663.1
OG0004310	XP_015180868.1	XP_029037907.1
OG0004311	XP_015181930.1	XP_029046567.1
OG0004312	XP_015189490.1	XP_029053182.1
OG0004313	XP_015172593.1	XP_029053904.1, XP_029054228.1
OG0004314	XP_015173967.1	XP_029035416.1
OG0004315	XP_015174661.1	XP_029047952.1
OG0004316	XP_015171146.1	XP_029032792.1
OG0004317	XP_015186800.1, XP_015185843.1	XP_029053067.1
OG0004318	XP_015190326.1	XP_029049919.1
OG0004319	XP_015180641.1	XP_029033260.1
OG0004320	XP_015188330.1	XP_029039731.1
OG0004321	XP_015180147.1	XP_029047324.1
OG0004322	XP_015183664.1	XP_029040555.1, XP_029040554.1
OG0004324	XP_015181393.1, XP_015181392.1	XP_029040125.1
OG0004325	XP_015184943.1	XP_029056395.1
OG0004326	XP_015186801.1	XP_029054381.1
OG0004327	XP_015176597.1	XP_029052568.1, XP_029052569.1
OG0004328	XP_015183175.1	XP_029036447.1
OG0004329	XP_015180710.1	XP_029051149.1
OG0004330	XP_015181785.1	XP_029043757.1
OG0004331	XP_015191001.1	XP_029033542.1, XP_029033588.1
OG0004332	XP_015179508.1	XP_029034395.1
OG0004333	XP_015171552.1	XP_029049716.1
OG0004334	XP_015189032.1	XP_029055980.1
OG0004335	XP_015179535.1	XP_029053502.1
OG0004336	XP_015185745.1	XP_029042132.1, XP_029042128.1
OG0004337	XP_015179634.1	XP_029039072.1
OG0004338	XP_015181346.1	XP_029037798.1, XP_029037799.1
OG0004339	XP_015175035.1	XP_029036746.1
OG0004340	XP_015178779.1	XP_029033536.1, XP_029033582.1
OG0004341	XP_015172694.1, XP_015172693.1	XP_029037084.1
OG0004342	XP_015186216.1	XP_029032381.1
OG0004343	XP_015177087.1	XP_029043799.1, XP_029043807.1
OG0004344	XP_015185427.1, XP_015185426.1	XP_029033873.1
OG0004345	XP_015179143.1	XP_029051535.1
OG0004346	XP_015184908.1	XP_029047806.1
OG0004347	XP_015177119.1	XP_029043808.1, XP_029043810.1
OG0004348	XP_015176075.1	XP_029048966.1
OG0004349	XP_015186051.1	XP_029040438.1, XP_029040447.1
OG0004350	XP_015183808.1, XP_015183807.1, XP_015183806.1	XP_029047329.1
OG0004351	XP_015188766.1	XP_029047374.1
OG0004352	XP_015191106.1, XP_015191105.1	XP_029033658.1, XP_029033672.1
OG0004353	XP_015172159.1	XP_029039929.1
OG0004354	XP_015184976.1	XP_029049751.1
OG0004355	XP_015181563.1	XP_029037550.1
OG0004356	XP_015190935.1	XP_029053376.1
OG0004357	XP_015177611.1, XP_015177610.1	XP_029053503.1
OG0004358	XP_015176841.1	XP_029049157.1
OG0004359	XP_015180976.1	XP_029034747.1
OG0004360	XP_015173321.1	XP_029052545.1
OG0004361	XP_015171734.1	XP_029044822.1
OG0004362	XP_015173240.1	XP_029050008.1
OG0004363	XP_015185674.1, XP_015185675.1, XP_015185673.1	XP_029049172.1
OG0004364	XP_015179808.1	XP_029033524.1
OG0004365	XP_015179807.1	XP_029043442.1
OG0004366	XP_015177156.1	XP_029036194.1
OG0004367	XP_015190626.1	XP_029056393.1
OG0004368	XP_015176445.1	XP_029052573.1
OG0004369	XP_015185827.1	XP_029036992.1
OG0004370	XP_015179509.1	XP_029034397.1
OG0004371	XP_015176249.1	XP_029049015.1
OG0004372	XP_015178816.1	XP_029032077.1
OG0004373	XP_015182235.1	XP_029040850.1
OG0004374	XP_015173591.1	XP_029051480.1
OG0004375	XP_015179923.1	XP_029032454.1
OG0004376	XP_015176018.1	XP_029053220.1
OG0004377	XP_015185853.1	XP_029046141.1
OG0004378	XP_015176204.1	XP_029051160.1
OG0004379	XP_015180193.1	XP_029038985.1
OG0004380	XP_015176657.1	XP_029051771.1
OG0004381	XP_015181754.1	XP_029044900.1
OG0004382	XP_015191186.1, XP_015191185.1, XP_015191187.1	XP_029037589.1
OG0004383	XP_015191334.1	XP_029035088.1
OG0004384	XP_015175765.1	XP_029053060.1
OG0004385	XP_015187542.1	XP_029056458.1
OG0004386	XP_015181333.1	XP_029051503.1
OG0004387	XP_015173659.1	XP_029037506.1
OG0004388	XP_015175820.1	XP_029049490.1
OG0004389	XP_015188111.1	XP_029043831.1
OG0004390	XP_015183451.1	XP_029039330.1
OG0004391	XP_015184061.1	XP_029051602.1
OG0004392	XP_015181202.1	XP_029055577.1
OG0004393	XP_015180364.1	XP_029049123.1, XP_029049124.1
OG0004394	XP_015172794.1	XP_029044780.1
OG0004395	XP_015186716.1	XP_029041328.1
OG0004396	XP_015186608.1	XP_029039715.1
OG0004397	XP_015179775.1, XP_015179774.1	XP_029039147.1
OG0004398	XP_015184973.1	XP_029040134.1
OG0004399	XP_015181915.1	XP_029033425.1, XP_029033427.1, XP_029033428.1, XP_029033426.1
OG0004400	XP_015183985.1	XP_029043703.1
OG0004401	XP_015178319.1	XP_029049491.1
OG0004402	XP_015181637.1	XP_029049409.1
OG0004403	XP_015191772.1	XP_029042876.1
OG0004404	XP_015178049.1, XP_015178048.1	XP_029048097.1
OG0004405	XP_015186241.1	XP_029051733.1
OG0004407	XP_015175014.1	XP_029046652.1
OG0004408	XP_015186497.1	XP_029048086.1
OG0004409	XP_015174662.1	XP_029050032.1
OG0004410	XP_015171699.1	XP_029037797.1
OG0004411	XP_015172022.1	XP_029034895.1
OG0004412	XP_015189375.1	XP_029048899.1
OG0004413	XP_015191328.1	XP_029053232.1
OG0004414	XP_015175097.1	XP_029047685.1
OG0004416	XP_015180836.1	XP_029048105.1
OG0004417	XP_015189232.1	XP_029037934.1
OG0004418	XP_015186766.1	XP_029041824.1, XP_029041543.1
OG0004419	XP_015180543.1	XP_029038118.1
OG0004420	XP_015180627.1, XP_015180616.1	XP_029035881.1
OG0004421	XP_015172144.1	XP_029052146.1
OG0004422	XP_015181247.1	XP_029041496.1
OG0004423	XP_015182397.1	XP_029042443.1
OG0004424	XP_015183491.1	XP_029034664.1
OG0004425	XP_015172546.1	XP_029055554.1
OG0004426	XP_015175272.1	XP_029036441.1
OG0004427	XP_015174992.1, XP_015174993.1, XP_015174991.1	XP_029046289.1
OG0004428	XP_015179007.1	XP_029045677.1
OG0004429	XP_015191849.1	XP_029038647.1
OG0004430	XP_015179057.1	XP_029037412.1
OG0004431	XP_015177325.1	XP_029040910.1
OG0004432	XP_015172374.1	XP_029037547.1
OG0004433	XP_015177506.1	XP_029048752.1
OG0004434	XP_015172026.1	XP_029052761.1
OG0004436	XP_015185865.1	XP_029050232.1
OG0004437	XP_015189049.1	XP_029035151.1
OG0004438	XP_015172112.1	XP_029043319.1
OG0004439	XP_015178463.1	XP_029048321.1
OG0004440	XP_015172077.1	XP_029043375.1
OG0004441	XP_015185151.1	XP_029047824.1
OG0004442	XP_015186190.1, XP_015186188.1	XP_029035533.1, XP_029035532.1
OG0004443	XP_015172258.1, XP_015172256.1, XP_015172257.1	XP_029033449.1
OG0004444	XP_015174014.1	XP_029049516.1
OG0004445	XP_015185966.1	XP_029052690.1
OG0004446	XP_015171305.1	XP_029038146.1
OG0004447	XP_015191444.1	XP_029043256.1
OG0004448	XP_015172171.1	XP_029051021.1
OG0004449	XP_015189524.1	XP_029038363.1
OG0004450	XP_015182837.1	XP_029045226.1
OG0004451	XP_015185672.1	XP_029039998.1
OG0004452	XP_015175169.1	XP_029049990.1
OG0004453	XP_015182957.1	XP_029056611.1
OG0004454	XP_015179236.1	XP_029039597.1
OG0004455	XP_015187950.1	XP_029036586.1
OG0004456	XP_015184471.1	XP_029053277.1
OG0004457	XP_015181559.1	XP_029038409.1, XP_029038410.1, XP_029038407.1
OG0004458	XP_015189484.1	XP_029053016.1
OG0004459	XP_015176322.1	XP_029040177.1
OG0004460	XP_015176125.1	XP_029044360.1
OG0004461	XP_015180609.1	XP_029035701.1, XP_029035703.1
OG0004462	XP_015181735.1, XP_015181734.1, XP_015181732.1	XP_029040222.1
OG0004463	XP_015184390.1	XP_029051714.1
OG0004466	XP_015176360.1	XP_029032695.1
OG0004467	XP_015181372.1	XP_029052712.1
OG0004468	XP_015178375.1	XP_029052704.1
OG0004469	XP_015178090.1	XP_029048946.1
OG0004470	XP_015173200.1	XP_029046428.1
OG0004471	XP_015186731.1	XP_029055831.1
OG0004472	XP_015184247.1	XP_029036093.1
OG0004473	XP_015190646.1	XP_029052112.1
OG0004474	XP_015184659.1, XP_015184660.1	XP_029046856.1, XP_029046857.1
OG0004475	XP_015174742.1	XP_029045038.1
OG0004476	XP_015178459.1	XP_029049173.1
OG0004477	XP_015175815.1, XP_015175814.1	XP_029044429.1
OG0004478	XP_015176805.1	XP_029037903.1
OG0004479	XP_015179030.1	XP_029049917.1, XP_029049916.1
OG0004480	XP_015181548.1	XP_029047406.1
OG0004481	XP_015185455.1	XP_029033749.1
OG0004482	XP_015175663.1, XP_015175662.1	XP_029053061.1, XP_029053062.1
OG0004483	XP_015183761.1	XP_029042450.1
OG0004484	XP_015185566.1	XP_029036629.1
OG0004485	XP_015189665.1, XP_015186640.1	XP_029041348.1
OG0004486	XP_015190492.1	XP_029037975.1
OG0004487	XP_015186641.1	XP_029050183.1
OG0004488	XP_015191403.1	XP_029035377.1
OG0004489	XP_015175181.1, XP_015175180.1	XP_029043817.1, XP_029043816.1
OG0004490	XP_015190957.1	XP_029036242.1
OG0004491	XP_015180010.1	XP_029033005.1
OG0004492	XP_015176439.1	XP_029035201.1
OG0004493	XP_015190505.1	XP_029035864.1, XP_029035865.1
OG0004494	XP_015178567.1	XP_029047508.1
OG0004495	XP_015182759.1	XP_029039335.1
OG0004496	XP_015174042.1	XP_029048381.1
OG0004497	XP_015185774.1	XP_029049356.1
OG0004498	XP_015174438.1	XP_029040467.1
OG0004499	XP_015190699.1	XP_029049991.1
OG0004500	XP_015181790.1	XP_029040836.1
OG0004501	XP_015181130.1	XP_029049932.1
OG0004502	XP_015181780.1	XP_029043749.1
OG0004503	XP_015184786.1	XP_029048721.1
OG0004504	XP_015172578.1	XP_029048876.1
OG0004505	XP_015176438.1	XP_029049866.1
OG0004506	XP_015178998.1	XP_029037509.1
OG0004507	XP_015178376.1	XP_029033918.1
OG0004508	XP_015185776.1	XP_029052861.1
OG0004509	XP_015171763.1	XP_029055463.1
OG0004510	XP_015181264.1	XP_029053236.1
OG0004511	XP_015183256.1	XP_029035597.1
OG0004512	XP_015180831.1	XP_029042266.1, XP_029042265.1
OG0004513	XP_015190365.1	XP_029039995.1
OG0004514	XP_015180731.1, XP_015180730.1	XP_029044024.1, XP_029044032.1
OG0004515	XP_015177303.1	XP_029037124.1
OG0004516	XP_015171431.1, XP_015171432.1	XP_029035256.1
OG0004517	XP_015186440.1	XP_029046044.1
OG0004518	XP_015174238.1	XP_029033375.1, XP_029033372.1
OG0004519	XP_015180453.1	XP_029049111.1
OG0004520	XP_015177085.1	XP_029039695.1
OG0004521	XP_015185929.1, XP_015185928.1	XP_029053835.1, XP_029053346.1
OG0004522	XP_015181664.1	XP_029033286.1
OG0004524	XP_015183119.1	XP_029037568.1
OG0004525	XP_015182803.1	XP_029033192.1
OG0004526	XP_015172992.1	XP_029041766.1
OG0004527	XP_015173792.1	XP_029047215.1
OG0004528	XP_015191699.1	XP_029045844.1
OG0004529	XP_015190722.1	XP_029039457.1
OG0004530	XP_015181076.1	XP_029046163.1
OG0004531	XP_015191338.1	XP_029043678.1
OG0004532	XP_015172393.1	XP_029054702.1
OG0004533	XP_015178069.1	XP_029034876.1, XP_029034877.1
OG0004534	XP_015176475.1	XP_029047181.1
OG0004535	XP_015183013.1	XP_029056608.1
OG0004536	XP_015190989.1	XP_029051431.1
OG0004537	XP_015184246.1	XP_029036079.1
OG0004538	XP_015178803.1	XP_029053893.1
OG0004539	XP_015175094.1	XP_029037141.1
OG0004540	XP_015179940.1	XP_029050746.1
OG0004542	XP_015176041.1	XP_029032000.1
OG0004543	XP_015184681.1	XP_029048567.1
OG0004544	XP_015173734.1	XP_029046094.1
OG0004545	XP_015183378.1	XP_029040255.1, XP_029040252.1
OG0004546	XP_015179991.1	XP_029044738.1, XP_029044739.1, XP_029044737.1
OG0004547	XP_015171964.1	XP_029036553.1
OG0004548	XP_015185700.1	XP_029050243.1
OG0004549	XP_015171866.1	XP_029046472.1
OG0004550	XP_015188829.1	XP_029041723.1, XP_029041722.1, XP_029041721.1
OG0004551	XP_015183654.1	XP_029050794.1
OG0004552	XP_015174741.1	XP_029045121.1
OG0004553	XP_015181308.1, XP_015181306.1, XP_015181307.1	XP_029041483.1
OG0004554	XP_015176252.1	XP_029051278.1, XP_029051277.1
OG0004555	XP_015184559.1	XP_029048696.1
OG0004556	XP_015183892.1	XP_029047992.1
OG0004557	XP_015190779.1	XP_029054407.1
OG0004558	XP_015179056.1	XP_029037132.1
OG0004559	XP_015183197.1	XP_029044046.1
OG0004560	XP_015190197.1	XP_029052317.1
OG0004561	XP_015173963.1	XP_029042608.1
OG0004562	XP_015188738.1	XP_029044157.1
OG0004563	XP_015174282.1	XP_029049903.1
OG0004564	XP_015171030.1	XP_029038164.1
OG0004565	XP_015190875.1	XP_029043068.1
OG0004566	XP_015181991.1	XP_029054009.1
OG0004567	XP_015183874.1	XP_029042532.1
OG0004568	XP_015180233.1	XP_029038769.1
OG0004569	XP_015180904.1	XP_029039579.1
OG0004570	XP_015183907.1	XP_029056537.1
OG0004571	XP_015182531.1	XP_029050532.1
OG0004572	XP_015181613.1, XP_015181612.1	XP_029053332.1
OG0004573	XP_015184626.1	XP_029047023.1
OG0004574	XP_015185012.1	XP_029039601.1
OG0004575	XP_015177764.1	XP_029051288.1
OG0004576	XP_015176006.1	XP_029033180.1
OG0004577	XP_015178920.1	XP_029041672.1
OG0004578	XP_015181699.1	XP_029036364.1
OG0004579	XP_015185813.1	XP_029036907.1, XP_029036905.1
OG0004580	XP_015182278.1	XP_029044062.1
OG0004581	XP_015189132.1	XP_029033080.1
OG0004582	XP_015183663.1	XP_029034599.1
OG0004583	XP_015182593.1	XP_029036786.1
OG0004584	XP_015191789.1	XP_029045811.1
OG0004585	XP_015183466.1	XP_029048502.1
OG0004586	XP_015182434.1, XP_015182433.1	XP_029039729.1
OG0004587	XP_015182272.1	XP_029050153.1
OG0004588	XP_015173718.1	XP_029031920.1
OG0004589	XP_015171115.1	XP_029036602.1
OG0004590	XP_015178808.1	XP_029056618.1
OG0004591	XP_015171682.1	XP_029039642.1, XP_029039643.1
OG0004592	XP_015186562.1	XP_029044446.1, XP_029044444.1
OG0004593	XP_015179164.1	XP_029032236.1, XP_029032234.1
OG0004594	XP_015171278.1, XP_015171279.1	XP_029036545.1
OG0004595	XP_015184438.1	XP_029032151.1
OG0004596	XP_015188838.1	XP_029034696.1
OG0004597	XP_015178576.1, XP_015178575.1	XP_029042720.1
OG0004598	XP_015183105.1	XP_029056271.1, XP_029056302.1
OG0004599	XP_015183154.1	XP_029044271.1
OG0004600	XP_015181195.1	XP_029038763.1
OG0004601	XP_015184358.1	XP_029033659.1, XP_029033673.1
OG0004602	XP_015178882.1	XP_029045685.1
OG0004603	XP_015176428.1	XP_029036126.1
OG0004604	XP_015187611.1	XP_029036341.1
OG0004605	XP_015174086.1	XP_029048970.1
OG0004606	XP_015184851.1	XP_029040997.1
OG0004607	XP_015172149.1	XP_029039860.1
OG0004608	XP_015188759.1	XP_029046512.1
OG0004609	XP_015178195.1	XP_029048958.1
OG0004610	XP_015185179.1	XP_029041443.1
OG0004611	XP_015190220.1	XP_029032231.1
OG0004612	XP_015184503.1, XP_015184504.1	XP_029042792.1
OG0004613	XP_015174637.1	XP_029032189.1
OG0004614	XP_015171429.1	XP_029040641.1
OG0004615	XP_015191144.1	XP_029055702.1, XP_029055701.1
OG0004616	XP_015178664.1	XP_029055859.1
OG0004617	XP_015190101.1	XP_029041107.1
OG0004619	XP_015189392.1	XP_029052945.1
OG0004620	XP_015182706.1	XP_029032857.1
OG0004621	XP_015172114.1	XP_029035867.1
OG0004622	XP_015172926.1	XP_029035132.1
OG0004623	XP_015182157.1	XP_029055597.1, XP_029055598.1
OG0004624	XP_015185578.1	XP_029044165.1
OG0004625	XP_015183381.1	XP_029034116.1
OG0004626	XP_015191704.1	XP_029046984.1
OG0004627	XP_015190403.1	XP_029039981.1, XP_029039982.1
OG0004628	XP_015188026.1, XP_015188025.1	XP_029041493.1
OG0004629	XP_015182048.1	XP_029052827.1
OG0004630	XP_015187928.1	XP_029040498.1
OG0004631	XP_015180332.1	XP_029037759.1
OG0004632	XP_015180873.1, XP_015180872.1	XP_029035298.1
OG0004633	XP_015184757.1	XP_029039382.1, XP_029039759.1
OG0004634	XP_015180508.1	XP_029037369.1
OG0004635	XP_015188547.1	XP_029048985.1
OG0004636	XP_015176577.1	XP_029048200.1
OG0004637	XP_015176336.1	XP_029045649.1
OG0004638	XP_015177301.1	XP_029049918.1
OG0004639	XP_015180813.1	XP_029034948.1
OG0004640	XP_015189276.1	XP_029032920.1, XP_029032919.1
OG0004641	XP_015183015.1	XP_029046804.1
OG0004642	XP_015181360.1	XP_029038192.1
OG0004643	XP_015188007.1	XP_029035253.1
OG0004644	XP_015190800.1	XP_029053737.1
OG0004645	XP_015188296.1	XP_029053301.1
OG0004646	XP_015186390.1	XP_029041752.1
OG0004647	XP_015186359.1	XP_029034667.1
OG0004648	XP_015179429.1	XP_029040088.1
OG0004649	XP_015188366.1	XP_029036468.1
OG0004650	XP_015186998.1	XP_029044939.1
OG0004651	XP_015185056.1	XP_029041324.1
OG0004652	XP_015179810.1	XP_029051224.1, XP_029051225.1
OG0004653	XP_015186156.1	XP_029031865.1
OG0004654	XP_015181246.1	XP_029053274.1
OG0004655	XP_015171344.1	XP_029049743.1, XP_029049742.1, XP_029049741.1, XP_029049744.1
OG0004656	XP_015187971.1	XP_029038268.1
OG0004657	XP_015186101.1	XP_029042881.1
OG0004658	XP_015182091.1	XP_029051566.1, XP_029051574.1
OG0004659	XP_015187471.1	XP_029041817.1
OG0004660	XP_015185875.1	XP_029053101.1
OG0004661	XP_015191478.1, XP_015191481.1	XP_029032341.1
OG0004662	XP_015171287.1	XP_029036544.1, XP_029036543.1
OG0004663	XP_015177261.1	XP_029039524.1
OG0004664	XP_015174885.1, XP_015174887.1	XP_029049634.1
OG0004665	XP_015179771.1	XP_029039144.1
OG0004666	XP_015187083.1	XP_029055320.1
OG0004667	XP_015180808.1	XP_029055985.1, XP_029055987.1
OG0004668	XP_015177226.1	XP_029034748.1
OG0004669	XP_015191847.1	XP_029036491.1
OG0004670	XP_015174106.1	XP_029032176.1
OG0004671	XP_015179031.1	XP_029054433.1
OG0004672	XP_015174100.1, XP_015174099.1	XP_029040162.1
OG0004673	XP_015184569.1	XP_029035693.1
OG0004674	XP_015176639.1	XP_029034725.1, XP_029034726.1
OG0004675	XP_015187633.1, XP_015187634.1, XP_015187631.1, XP_015187632.1	XP_029036304.1
OG0004677	XP_015184051.1	XP_029035323.1
OG0004678	XP_015175553.1	XP_029056138.1, XP_029056131.1
OG0004679	XP_015171153.1, XP_015171154.1	XP_029032238.1
OG0004680	XP_015186824.1	XP_029035492.1
OG0004681	XP_015186134.1	XP_029035599.1
OG0004682	XP_015171361.1	XP_029040594.1
OG0004683	XP_015185750.1	XP_029042135.1
OG0004684	XP_015173218.1	XP_029034464.1
OG0004686	XP_015191254.1, XP_015191253.1	XP_029043502.1
OG0004687	XP_015191643.1	XP_029053804.1, XP_029053111.1
OG0004688	XP_015179998.1	XP_029038986.1
OG0004689	XP_015186284.1	XP_029056638.1, XP_029056636.1
OG0004690	XP_015181045.1, XP_015181044.1	XP_029042916.1
OG0004691	XP_015172334.1	XP_029041857.1
OG0004692	XP_015172484.1	XP_029041858.1
OG0004693	XP_015190568.1	XP_029042518.1
OG0004694	XP_015183686.1	XP_029046835.1, XP_029046833.1, XP_029046834.1
OG0004695	XP_015185306.1	XP_029038383.1
OG0004696	XP_015174146.1	XP_029054057.1
OG0004698	XP_015189533.1	XP_029048474.1
OG0004699	XP_015190839.1	XP_029045664.1
OG0004700	XP_015177463.1	XP_029036485.1
OG0004701	XP_015177831.1	XP_029041170.1, XP_029041169.1, XP_029041168.1
OG0004702	XP_015182596.1	XP_029040908.1
OG0004703	XP_015182355.1	XP_029042192.1
OG0004704	XP_015183724.1, XP_015183723.1, XP_015183722.1	XP_029047512.1
OG0004705	XP_015190253.1	XP_029050179.1
OG0004706	XP_015176747.1	XP_029038548.1
OG0004707	XP_015172861.1	XP_029048718.1
OG0004708	XP_015180264.1	XP_029048160.1
OG0004709	XP_015185891.1	XP_029039937.1
OG0004710	XP_015174320.1	XP_029043825.1
OG0004711	XP_015189404.1	XP_029035902.1
OG0004712	XP_015186738.1	XP_029044709.1
OG0004713	XP_015176500.1	XP_029041249.1
OG0004714	XP_015180951.1	XP_029037735.1
OG0004715	XP_015175810.1	XP_029044470.1
OG0004716	XP_015181085.1, XP_015181084.1	XP_029052539.1
OG0004717	XP_015182177.1	XP_029050623.1
OG0004718	XP_015190870.1	XP_029036705.1
OG0004719	XP_015175001.1	XP_029049556.1
OG0004720	XP_015184959.1	XP_029032503.1
OG0004721	XP_015185583.1	XP_029049128.1
OG0004722	XP_015188725.1	XP_029034560.1, XP_029034559.1, XP_029034551.1, XP_029034550.1
OG0004723	XP_015177388.1	XP_029037140.1
OG0004724	XP_015176933.1	XP_029053177.1
OG0004725	XP_015175128.1	XP_029047720.1
OG0004726	XP_015177488.1	XP_029038119.1, XP_029038120.1
OG0004728	XP_015176128.1, XP_015176129.1	XP_029045131.1
OG0004729	XP_015185900.1	XP_029055746.1
OG0004730	XP_015186680.1	XP_029045336.1
OG0004731	XP_015178145.1	XP_029042183.1
OG0004732	XP_015175702.1	XP_029036720.1
OG0004733	XP_015183784.1	XP_029054040.1
OG0004734	XP_015190823.1	XP_029031843.1, XP_029056679.1
OG0004735	XP_015179785.1	XP_029052836.1
OG0004736	XP_015183213.1	XP_029033627.1
OG0004737	XP_015188685.1	XP_029035223.1
OG0004739	XP_015188303.1	XP_029047331.1
OG0004740	XP_015171072.1	XP_029052243.1
OG0004741	XP_015180482.1	XP_029050731.1
OG0004742	XP_015187696.1	XP_029055938.1
OG0004743	XP_015173787.1	XP_029047222.1
OG0004744	XP_015175290.1	XP_029038570.1
OG0004745	XP_015181586.1	XP_029052818.1
OG0004746	XP_015190638.1	XP_029055802.1, XP_029055803.1
OG0004747	XP_015179678.1	XP_029043412.1
OG0004748	XP_015183183.1	XP_029043322.1
OG0004750	XP_015182458.1, XP_015182459.1	XP_029035047.1
OG0004751	XP_015187020.1	XP_029042559.1
OG0004752	XP_015181675.1	XP_029049362.1
OG0004753	XP_015184591.1	XP_029052339.1
OG0004754	XP_015183481.1	XP_029053739.1
OG0004755	XP_015189224.1	XP_029037944.1, XP_029037945.1
OG0004756	XP_015190399.1	XP_029055926.1
OG0004757	XP_015186501.1	XP_029039211.1
OG0004758	XP_015175096.1	XP_029045191.1
OG0004759	XP_015177713.1	XP_029039329.1
OG0004760	XP_015174617.1	XP_029038815.1
OG0004761	XP_015174584.1	XP_029034769.1
OG0004762	XP_015182914.1	XP_029045577.1
OG0004763	XP_015171778.1	XP_029054329.1, XP_029054482.1, XP_029054483.1
OG0004764	XP_015175421.1, XP_015175423.1	XP_029048177.1, XP_029048184.1
OG0004765	XP_015185786.1	XP_029052337.1
OG0004766	XP_015173817.1	XP_029048157.1, XP_029048156.1
OG0004767	XP_015184110.1	XP_029053534.1, XP_029053533.1
OG0004768	XP_015177053.1	XP_029034131.1
OG0004769	XP_015176479.1	XP_029047189.1
OG0004770	XP_015189798.1	XP_029038563.1
OG0004771	XP_015182375.1	XP_029034111.1
OG0004772	XP_015181382.1, XP_015181381.1	XP_029042390.1
OG0004773	XP_015185885.1	XP_029052292.1
OG0004774	XP_015184756.1	XP_029038972.1
OG0004775	XP_015174398.1	XP_029035643.1
OG0004776	XP_015183732.1	XP_029036298.1
OG0004777	XP_015173678.1, XP_015173677.1	XP_029042939.1, XP_029042942.1
OG0004778	XP_015172720.1	XP_029034173.1
OG0004779	XP_015187162.1	XP_029047410.1
OG0004780	XP_015181844.1	XP_029040282.1
OG0004781	XP_015190460.1	XP_029047805.1
OG0004782	XP_015172446.1	XP_029032684.1
OG0004783	XP_015182071.1	XP_029042798.1
OG0004784	XP_015184758.1	XP_029038984.1
OG0004785	XP_015172138.1	XP_029041499.1
OG0004786	XP_015173365.1	XP_029045511.1
OG0004787	XP_015174558.1	XP_029034766.1
OG0004788	XP_015179460.1	XP_029045970.1, XP_029045971.1
OG0004789	XP_015191434.1	XP_029037354.1
OG0004790	XP_015183519.1	XP_029052145.1, XP_029040975.1
OG0004791	XP_015179525.1	XP_029047630.1
OG0004792	XP_015186527.1	XP_029051419.1, XP_029051420.1
OG0004793	XP_015178639.1	XP_029056346.1
OG0004794	XP_015184826.1	XP_029043203.1
OG0004795	XP_015183598.1	XP_029043709.1
OG0004796	XP_015171061.1	XP_029054102.1, XP_029049799.1
OG0004797	XP_015183816.1	XP_029051644.1
OG0004799	XP_015181055.1	XP_029042988.1, XP_029042676.1
OG0004800	XP_015176167.1	XP_029053580.1
OG0004801	XP_015190432.1	XP_029041060.1
OG0004802	XP_015188878.1	XP_029050127.1
OG0004803	XP_015186958.1, XP_015189496.1	XP_029044926.1
OG0004804	XP_015182029.1	XP_029051862.1
OG0004805	XP_015191532.1	XP_029055550.1
OG0004806	XP_015182353.1	XP_029036203.1
OG0004808	XP_015188952.1	XP_029035111.1
OG0004809	XP_015174462.1	XP_029038327.1
OG0004810	XP_015179652.1	XP_029043406.1
OG0004811	XP_015185614.1	XP_029051755.1
OG0004812	XP_015175673.1	XP_029049639.1
OG0004813	XP_015183259.1	XP_029035601.1
OG0004814	XP_015177693.1	XP_029050859.1
OG0004815	XP_015183638.1, XP_015183636.1, XP_015183637.1, XP_015183635.1	XP_029046792.1
OG0004816	XP_015174075.1	XP_029048269.1
OG0004817	XP_015182167.1	XP_029055776.1
OG0004818	XP_015185564.1	XP_029042352.1
OG0004819	XP_015188169.1, XP_015188173.1	XP_029039535.1
OG0004820	XP_015176919.1, XP_015176921.1, XP_015176920.1	XP_029037537.1
OG0004821	XP_015177891.1	XP_029039311.1
OG0004822	XP_015190351.1	XP_029037476.1
OG0004823	XP_015187884.1	XP_029056597.1
OG0004824	XP_015183300.1, XP_015183302.1	XP_029034360.1
OG0004825	XP_015190954.1	XP_029040386.1, XP_029040385.1
OG0004826	XP_015188278.1	XP_029046486.1, XP_029046487.1
OG0004827	XP_015172700.1	XP_029048726.1
OG0004828	XP_015175396.1, XP_015175395.1	XP_029038283.1
OG0004829	XP_015186542.1	XP_029052422.1
OG0004830	XP_015180224.1	XP_029039910.1
OG0004831	XP_015174846.1	XP_029047736.1
OG0004832	XP_015177487.1	XP_029043660.1
OG0004833	XP_015181983.1, XP_015181982.1, XP_015181981.1, XP_015181980.1	XP_029040292.1
OG0004834	XP_015190001.1	XP_029041016.1
OG0004835	XP_015171112.1	XP_029056256.1, XP_029056297.1
OG0004836	XP_015184749.1	XP_029033592.1
OG0004837	XP_015190345.1	XP_029044594.1
OG0004838	XP_015185760.1	XP_029033837.1
OG0004839	XP_015190066.1	XP_029048139.1
OG0004840	XP_015173888.1	XP_029034573.1
OG0004841	XP_015179977.1, XP_015179970.1	XP_029044863.1
OG0004842	XP_015177194.1	XP_029033050.1
OG0004843	XP_015187163.1, XP_015187164.1	XP_029047412.1
OG0004844	XP_015190481.1	XP_029046572.1
OG0004845	XP_015175578.1	XP_029035845.1
OG0004846	XP_015183326.1	XP_029051414.1
OG0004847	XP_015185307.1	XP_029046314.1
OG0004848	XP_015175456.1	XP_029052069.1
OG0004849	XP_015190043.1	XP_029052115.1
OG0004851	XP_015191516.1, XP_015191519.1	XP_029035371.1
OG0004852	XP_015182440.1	XP_029032215.1
OG0004853	XP_015174220.1	XP_029055654.1
OG0004854	XP_015176923.1	XP_029044842.1
OG0004855	XP_015171966.1	XP_029035869.1
OG0004856	XP_015178795.1	XP_029051789.1
OG0004857	XP_015183925.1	XP_029045594.1
OG0004858	XP_015182298.1	XP_029055755.1
OG0004859	XP_015173277.1	XP_029049292.1
OG0004860	XP_015183149.1	XP_029036435.1
OG0004861	XP_015190746.1	XP_029056567.1
OG0004862	XP_015188148.1	XP_029052506.1
OG0004863	XP_015186785.1, XP_015186787.1, XP_015186784.1	XP_029033836.1
OG0004864	XP_015183825.1	XP_029048000.1, XP_029047999.1
OG0004865	XP_015188410.1	XP_029042339.1, XP_029042294.1
OG0004866	XP_015191366.1	XP_029033466.1, XP_029033677.1
OG0004867	XP_015186488.1	XP_029040701.1
OG0004868	XP_015187961.1	XP_029044750.1
OG0004869	XP_015186213.1	XP_029049911.1, XP_029049910.1, XP_029049912.1
OG0004870	XP_015188281.1	XP_029049315.1
OG0004871	XP_015173343.1	XP_029056448.1
OG0004872	XP_015181414.1, XP_015181415.1, XP_015181416.1	XP_029038472.1
OG0004873	XP_015188902.1	XP_029046293.1, XP_029046292.1
OG0004874	XP_015184204.1	XP_029034110.1
OG0004875	XP_015171548.1	XP_029049720.1
OG0004876	XP_015187697.1	XP_029031897.1, XP_029031898.1
OG0004877	XP_015186529.1	XP_029054349.1
OG0004878	XP_015187400.1, XP_015187401.1	XP_029050457.1
OG0004879	XP_015182721.1	XP_029037254.1
OG0004880	XP_015179276.1	XP_029051044.1
OG0004885	XP_015171171.1, XP_015171172.1, XP_015171173.1, XP_015171170.1	XP_029048667.1
OG0004886	XP_015182997.1, XP_015182996.1	XP_029056651.1, XP_029056653.1, XP_029056652.1
OG0004887	XP_015185856.1	XP_029050215.1
OG0004888	XP_015191560.1	XP_029049043.1, XP_029047679.1
OG0004890	XP_015177734.1	XP_029035260.1, XP_029035261.1
OG0004891	XP_015180144.1, XP_015180145.1	XP_029046722.1
OG0004892	XP_015190557.1	XP_029041532.1
OG0004893	XP_015191706.1	XP_029046985.1
OG0004894	XP_015185093.1	XP_029035742.1
OG0004895	XP_015183727.1	XP_029047516.1
OG0004896	XP_015185044.1, XP_015185046.1, XP_015185045.1	XP_029050584.1
OG0004897	XP_015188414.1	XP_029054517.1, XP_029054508.1
OG0004898	XP_015184291.1	XP_029031945.1
OG0004899	XP_015182351.1	XP_029050317.1
OG0004900	XP_015188073.1	XP_029034288.1
OG0004901	XP_015185927.1, XP_015176071.1	XP_029052518.1
OG0004902	XP_015190849.1	XP_029038005.1
OG0004903	XP_015172342.1	XP_029050707.1
OG0004904	XP_015184319.1	XP_029034185.1, XP_029034186.1
OG0004905	XP_015184336.1	XP_029031971.1
OG0004906	XP_015176715.1	XP_029043290.1, XP_029043197.1
OG0004908	XP_015186462.1	XP_029055849.1
OG0004909	XP_015175514.1	XP_029041072.1
OG0004910	XP_015172657.1	XP_029045428.1
OG0004911	XP_015181090.1	XP_029056139.1, XP_029056144.1
OG0004912	XP_015180204.1	XP_029043561.1
OG0004913	XP_015191022.1	XP_029052244.1
OG0004914	XP_015183260.1	XP_029032443.1
OG0004915	XP_015189187.1, XP_015189188.1	XP_029038052.1, XP_029038051.1
OG0004916	XP_015178372.1	XP_029038107.1
OG0004917	XP_015183586.1	XP_029043038.1
OG0004918	XP_015171543.1, XP_015171544.1	XP_029045731.1
OG0004919	XP_015181772.1, XP_015181774.1, XP_015181773.1	XP_029043768.1
OG0004920	XP_015188022.1	XP_029036383.1
OG0004921	XP_015188479.1	XP_029035731.1
OG0004922	XP_015174122.1	XP_029050561.1
OG0004923	XP_015190350.1	XP_029039216.1
OG0004924	XP_015186102.1	XP_029044257.1
OG0004925	XP_015189717.1	XP_029037724.1
OG0004926	XP_015190449.1	XP_029052621.1
OG0004927	XP_015185255.1	XP_029050357.1
OG0004928	XP_015176586.1	XP_029045740.1
OG0004929	XP_015183106.1	XP_029043478.1, XP_029043481.1
OG0004930	XP_015179569.1	XP_029043399.1
OG0004931	XP_015173557.1	XP_029041922.1, XP_029041921.1
OG0004932	XP_015175163.1	XP_029044560.1
OG0004934	XP_015179762.1, XP_015179766.1	XP_029052822.1, XP_029052823.1
OG0004935	XP_015186493.1	XP_029040733.1
OG0004936	XP_015182153.1	XP_029051525.1
OG0004937	XP_015188496.1	XP_029042499.1
OG0004938	XP_015187933.1	XP_029040487.1
OG0004939	XP_015175056.1	XP_029054006.1
OG0004940	XP_015191286.1, XP_015191285.1	XP_029048583.1, XP_029048580.1, XP_029048582.1
OG0004941	XP_015178935.1, XP_015178936.1	XP_029034230.1, XP_029034231.1
OG0004942	XP_015188343.1	XP_029052627.1, XP_029052629.1
OG0004943	XP_015184117.1	XP_029040331.1
OG0004944	XP_015173411.1	XP_029044443.1
OG0004945	XP_015177409.1	XP_029044406.1
OG0004946	XP_015184742.1, XP_015184743.1	XP_029045868.1
OG0004947	XP_015185039.1, XP_015185038.1	XP_029042163.1
OG0004948	XP_015187600.1	XP_029053474.1
OG0004949	XP_015172444.1	XP_029032674.1, XP_029032677.1
OG0004950	XP_015173205.1, XP_015173204.1	XP_029043228.1
OG0004951	XP_015179501.1	XP_029045986.1
OG0004952	XP_015178718.1	XP_029048245.1
OG0004954	XP_015189280.1	XP_029055389.1, XP_029055388.1
OG0004955	XP_015179444.1	XP_029034425.1
OG0004956	XP_015179067.1	XP_029038923.1
OG0004957	XP_015180496.1	XP_029037598.1, XP_029037597.1, XP_029037596.1
OG0004958	XP_015187092.1, XP_015187089.1, XP_015187091.1, XP_015187090.1	XP_029049459.1, XP_029049460.1
OG0004959	XP_015191155.1	XP_029055659.1
OG0004960	XP_015177840.1, XP_015177842.1, XP_015177841.1	XP_029039905.1
OG0004961	XP_015187804.1	XP_029032143.1
OG0004962	XP_015180351.1	XP_029042517.1, XP_029042852.1, XP_029042844.1, XP_029042500.1, XP_029042510.1, XP_029042527.1, XP_029042826.1, XP_029042836.1
OG0004963	XP_015174388.1	XP_029033295.1
OG0004964	XP_015174553.1	XP_029050133.1
OG0004965	XP_015175715.1, XP_015175714.1, XP_015175716.1, XP_015175717.1, XP_015175718.1	XP_029036957.1
OG0004966	XP_015171770.1	XP_029052773.1
OG0004967	XP_015187739.1	XP_029038874.1, XP_029038875.1, XP_029038876.1, XP_029038877.1
OG0004968	XP_015177448.1	XP_029052649.1
OG0004969	XP_015184011.1	XP_029036774.1, XP_029036773.1
OG0004973	XP_015184598.1	XP_029033392.1, XP_029054446.1, XP_029054445.1
OG0004976	XP_015183433.1	XP_029052290.1
OG0004977	XP_015174409.1	XP_029042284.1
OG0004978	XP_015186199.1	XP_029044215.1
OG0004979	XP_015175719.1	XP_029036955.1
OG0004980	XP_015177177.1	XP_029033798.1
OG0004981	XP_015172625.1	XP_029040160.1
OG0004982	XP_015182765.1	XP_029039243.1
OG0004983	XP_015179645.1	XP_029039076.1
OG0004984	XP_015186018.1	XP_029040268.1
OG0004985	XP_015171081.1	XP_029033360.1
OG0004986	XP_015185666.1	XP_029035099.1
OG0004987	XP_015186357.1	XP_029035127.1
OG0004988	XP_015172669.1	XP_029040436.1
OG0004989	XP_015191848.1	XP_029036234.1
OG0004990	XP_015173770.1	XP_029033242.1
OG0004991	XP_015171830.1	XP_029038603.1
OG0004993	XP_015186619.1	XP_029053471.1, XP_029053518.1
OG0004994	XP_015191154.1	XP_029045562.1
OG0004995	XP_015186540.1	XP_029038061.1
OG0004996	XP_015178043.1	XP_029043814.1
OG0004997	XP_015172034.1	XP_029039387.1
OG0004998	XP_015172728.1	XP_029046374.1
OG0004999	XP_015179631.1	XP_029039043.1
OG0005000	XP_015177089.1, XP_015177088.1	XP_029035032.1
OG0005001	XP_015173784.1	XP_029052742.1, XP_029052741.1
OG0005002	XP_015181299.1	XP_029036499.1
OG0005003	XP_015188731.1	XP_029048464.1
OG0005004	XP_015176388.1	XP_029050237.1
OG0005005	XP_015191634.1	XP_029039274.1
OG0005006	XP_015172021.1	XP_029043719.1
OG0005007	XP_015180879.1	XP_029034276.1
OG0005008	XP_015181200.1	XP_029038753.1
OG0005009	XP_015186379.1	XP_029047445.1
OG0005010	XP_015186807.1	XP_029037333.1
OG0005011	XP_015182646.1	XP_029044673.1
OG0005012	XP_015185510.1	XP_029042708.1
OG0005013	XP_015174856.1	XP_029052707.1
OG0005014	XP_015184447.1	XP_029047530.1
OG0005015	XP_015178364.1	XP_029041570.1
OG0005016	XP_015187953.1	XP_029056570.1
OG0005017	XP_015179965.1	XP_029046589.1
OG0005018	XP_015171749.1	XP_029044284.1
OG0005019	XP_015179533.1	XP_029043262.1
OG0005020	XP_015181001.1	XP_029043475.1
OG0005021	XP_015179942.1	XP_029046485.1
OG0005022	XP_015184688.1	XP_029048727.1
OG0005023	XP_015180744.1	XP_029051294.1
OG0005024	XP_015190997.1	XP_029047543.1
OG0005025	XP_015172982.1	XP_029048593.1
OG0005027	XP_015186588.1	XP_029038036.1
OG0005028	XP_015187077.1	XP_029047408.1
OG0005029	XP_015187837.1	XP_029052008.1
OG0005030	XP_015171933.1	XP_029046458.1
OG0005031	XP_015181736.1	XP_029040211.1
OG0005032	XP_015171462.1	XP_029046827.1
OG0005033	XP_015174221.1	XP_029048534.1
OG0005034	XP_015173960.1, XP_015173962.1	XP_029037618.1
OG0005035	XP_015171815.1	XP_029038595.1
OG0005037	XP_015191658.1	XP_029055349.1, XP_029055348.1
OG0005038	XP_015188884.1	XP_029046640.1
OG0005039	XP_015175281.1	XP_029036445.1
OG0005040	XP_015174374.1	XP_029046185.1
OG0005041	XP_015175954.1	XP_029037399.1
OG0005042	XP_015182631.1	XP_029036579.1
OG0005043	XP_015174682.1	XP_029045801.1, XP_029045800.1
OG0005044	XP_015178544.1	XP_029042719.1
OG0005045	XP_015183231.1	XP_029038871.1
OG0005046	XP_015188476.1	XP_029052340.1
OG0005047	XP_015184918.1	XP_029045808.1
OG0005048	XP_015180200.1	XP_029035197.1
OG0005049	XP_015181601.1	XP_029044091.1, XP_029044092.1
OG0005050	XP_015176974.1	XP_029035851.1
OG0005051	XP_015176447.1	XP_029045742.1
OG0005052	XP_015171816.1	XP_029038596.1
OG0005053	XP_015187433.1	XP_029052389.1
OG0005054	XP_015191349.1	XP_029043688.1
OG0005055	XP_015178056.1, XP_015178057.1	XP_029046542.1
OG0005056	XP_015183822.1	XP_029055869.1
OG0005057	XP_015184936.1	XP_029040883.1
OG0005058	XP_015181086.1	XP_029046401.1
OG0005059	XP_015179803.1	XP_029039154.1
OG0005060	XP_015186070.1	XP_029031940.1
OG0005061	XP_015188396.1	XP_029036436.1
OG0005062	XP_015185806.1	XP_029038743.1
OG0005063	XP_015183661.1	XP_029034606.1
OG0005064	XP_015180012.1	XP_029047950.1
OG0005065	XP_015187788.1	XP_029041223.1
OG0005066	XP_015185180.1	XP_029046941.1
OG0005067	XP_015171183.1	XP_029052259.1
OG0005068	XP_015184448.1	XP_029040265.1
OG0005069	XP_015173016.1, XP_015173017.1	XP_029050708.1
OG0005070	XP_015172838.1	XP_029050907.1
OG0005071	XP_015171507.1	XP_029051580.1
OG0005072	XP_015191175.1	XP_029050022.1
OG0005073	XP_015180984.1	XP_029034752.1
OG0005074	XP_015187318.1	XP_029040628.1
OG0005075	XP_015187314.1	XP_029040623.1
OG0005076	XP_015180949.1, XP_015189859.1	XP_029036691.1
OG0005077	XP_015174190.1	XP_029048124.1
OG0005078	XP_015184721.1	XP_029032522.1
OG0005079	XP_015173593.1	XP_029040768.1
OG0005080	XP_015176741.1	XP_029038547.1
OG0005081	XP_015189163.1	XP_029038333.1
OG0005082	XP_015177853.1	XP_029041058.1
OG0005083	XP_015174600.1	XP_029044413.1
OG0005084	XP_015175125.1	XP_029046211.1
OG0005085	XP_015185081.1	XP_029055650.1
OG0005086	XP_015180833.1	XP_029032791.1
OG0005087	XP_015190826.1	XP_029038458.1
OG0005088	XP_015189153.1	XP_029040124.1
OG0005089	XP_015187646.1	XP_029053526.1
OG0005090	XP_015190430.1	XP_029042338.1
OG0005091	XP_015185518.1	XP_029032802.1
OG0005092	XP_015175607.1	XP_029036731.1
OG0005093	XP_015186173.1	XP_029047562.1
OG0005094	XP_015186152.1, XP_015186237.1, XP_015186065.1	XP_029053103.1
OG0005096	XP_015190120.1	XP_029041155.1
OG0005097	XP_015179049.1	XP_029048588.1
OG0005098	XP_015187160.1	XP_029043339.1
OG0005099	XP_015178064.1	XP_029053040.1
OG0005100	XP_015182398.1	XP_029056540.1
OG0005101	XP_015185951.1	XP_029054246.1
OG0005102	XP_015184341.1	XP_029039746.1
OG0005103	XP_015171306.1	XP_029038223.1
OG0005104	XP_015189234.1	XP_029034648.1
OG0005105	XP_015171823.1	XP_029035965.1
OG0005106	XP_015185211.1	XP_029048632.1
OG0005107	XP_015176816.1, XP_015176817.1, XP_015176818.1, XP_015176819.1	XP_029048760.1
OG0005108	XP_015171392.1	XP_029033317.1
OG0005109	XP_015182457.1	XP_029035048.1
OG0005110	XP_015176806.1	XP_029037905.1, XP_029037904.1
OG0005111	XP_015190825.1	XP_029037397.1
OG0005112	XP_015171307.1	XP_029052797.1
OG0005113	XP_015171940.1, XP_015171939.1, XP_015171938.1	XP_029035940.1
OG0005114	XP_015178924.1	XP_029041659.1
OG0005116	XP_015180606.1	XP_029051148.1
OG0005117	XP_015191160.1	XP_029033780.1
OG0005118	XP_015185620.1	XP_029051745.1
OG0005119	XP_015185233.1	XP_029048630.1
OG0005120	XP_015174401.1	XP_029056163.1
OG0005121	XP_015172093.1	XP_029047613.1
OG0005122	XP_015179448.1	XP_029045909.1
OG0005123	XP_015184160.1	XP_029034843.1
OG0005124	XP_015175413.1, XP_015175569.1	XP_029049921.1
OG0005125	XP_015171032.1	XP_029033194.1
OG0005126	XP_015188395.1	XP_029042880.1
OG0005127	XP_015189369.1	XP_029043851.1, XP_029043852.1
OG0005128	XP_015189532.1	XP_029038369.1
OG0005129	XP_015179415.1	XP_029053315.1
OG0005130	XP_015174167.1, XP_015174158.1	XP_029040066.1
OG0005131	XP_015179147.1	XP_029040897.1
OG0005132	XP_015187231.1	XP_029039395.1
OG0005133	XP_015178060.1	XP_029053032.1
OG0005134	XP_015180895.1	XP_029046757.1
OG0005135	XP_015185645.1	XP_029039594.1
OG0005137	XP_015188867.1	XP_029037546.1
OG0005138	XP_015181112.1	XP_029041418.1
OG0005139	XP_015185385.1	XP_029038695.1
OG0005140	XP_015176945.1	XP_029035404.1
OG0005141	XP_015181624.1	XP_029049402.1
OG0005142	XP_015179516.1	XP_029045911.1
OG0005143	XP_015190956.1	XP_029040387.1
OG0005145	XP_015177975.1	XP_029045150.1
OG0005146	XP_015175992.1	XP_029035290.1
OG0005147	XP_015183087.1	XP_029041041.1
OG0005148	XP_015185432.1	XP_029041751.1
OG0005149	XP_015180240.1	XP_029044317.1
OG0005150	XP_015188028.1	XP_029055722.1
OG0005151	XP_015181996.1	XP_029040239.1
OG0005152	XP_015191631.1	XP_029039503.1, XP_029037232.1
OG0005153	XP_015187470.1	XP_029051899.1
OG0005154	XP_015179815.1	XP_029046590.1
OG0005155	XP_015189440.1	XP_029032748.1
OG0005156	XP_015183758.1, XP_015183837.1	XP_029040218.1
OG0005157	XP_015175452.1	XP_029049554.1
OG0005158	XP_015180230.1	XP_029041243.1
OG0005159	XP_015190877.1	XP_029038067.1
OG0005160	XP_015171342.1	XP_029043591.1, XP_029043680.1
OG0005161	XP_015184563.1	XP_029052323.1
OG0005162	XP_015181127.1	XP_029049949.1, XP_029049948.1, XP_029049947.1
OG0005163	XP_015177422.1	XP_029034753.1
OG0005164	XP_015180055.1	XP_029044321.1
OG0005165	XP_015188334.1, XP_015188333.1	XP_029050192.1
OG0005166	XP_015181918.1, XP_015181917.1	XP_029040296.1
OG0005167	XP_015190630.1	XP_029034108.1
OG0005168	XP_015190910.1	XP_029036660.1
OG0005169	XP_015190250.1	XP_029050172.1
OG0005170	XP_015175746.1	XP_029051683.1
OG0005171	XP_015183287.1	XP_029044278.1
OG0005172	XP_015176278.1	XP_029044487.1
OG0005173	XP_015172659.1	XP_029040432.1
OG0005174	XP_015183483.1	XP_029036680.1
OG0005175	XP_015190933.1	XP_029053375.1, XP_029053374.1
OG0005176	XP_015185869.1	XP_029048004.1
OG0005177	XP_015174914.1	XP_029035827.1
OG0005178	XP_015178124.1	XP_029044412.1
OG0005179	XP_015178940.1	XP_029041653.1
OG0005180	XP_015182193.1	XP_029050484.1
OG0005181	XP_015183155.1	XP_029051509.1
OG0005182	XP_015189134.1	XP_029035475.1
OG0005183	XP_015181807.1	XP_029036998.1
OG0005184	XP_015187124.1	XP_029032059.1
OG0005185	XP_015187186.1	XP_029034784.1
OG0005186	XP_015174109.1	XP_029047692.1
OG0005187	XP_015185013.1	XP_029042049.1
OG0005188	XP_015172428.1	XP_029033264.1
OG0005189	XP_015173320.1	XP_029047154.1
OG0005190	XP_015177004.1	XP_029034996.1, XP_029034995.1
OG0005191	XP_015175404.1	XP_029049420.1
OG0005192	XP_015177636.1, XP_015177634.1, XP_015177635.1	XP_029040221.1
OG0005193	XP_015188351.1	XP_029036432.1
OG0005194	XP_015183969.1, XP_015184059.1, XP_015184147.1	XP_029040256.1
OG0005195	XP_015182925.1	XP_029043301.1, XP_029043883.1
OG0005197	XP_015187923.1	XP_029040480.1
OG0005198	XP_015177407.1	XP_029051561.1
OG0005199	XP_015188720.1	XP_029055610.1
OG0005200	XP_015178226.1	XP_029035061.1
OG0005201	XP_015187624.1	XP_029031966.1
OG0005202	XP_015182427.1	XP_029033696.1, XP_029033616.1
OG0005203	XP_015187180.1	XP_029041306.1, XP_029041307.1
OG0005204	XP_015181468.1	XP_029040100.1
OG0005205	XP_015172095.1	XP_029047624.1
OG0005206	XP_015174010.1	XP_029049515.1
OG0005207	XP_015177790.1	XP_029031889.1
OG0005208	XP_015176684.1	XP_029035571.1
OG0005209	XP_015182056.1	XP_029039100.1
OG0005210	XP_015182540.1, XP_015185003.1	XP_029040892.1
OG0005211	XP_015179760.1	XP_029035857.1
OG0005212	XP_015177791.1	XP_029039984.1
OG0005213	XP_015176555.1	XP_029037111.1
OG0005214	XP_015177908.1	XP_029051900.1
OG0005215	XP_015177387.1	XP_029052947.1
OG0005216	XP_015182528.1	XP_029040565.1
OG0005217	XP_015182609.1	XP_029050120.1
OG0005218	XP_015183303.1	XP_029046549.1
OG0005219	XP_015189007.1	XP_029039091.1
OG0005220	XP_015177795.1	XP_029033464.1
OG0005221	XP_015180368.1	XP_029053308.1
OG0005222	XP_015180821.1	XP_029049600.1
OG0005223	XP_015187790.1	XP_029032119.1
OG0005225	XP_015176208.1	XP_029052427.1
OG0005226	XP_015183878.1	XP_029047997.1
OG0005227	XP_015173759.1	XP_029037030.1
OG0005228	XP_015185420.1	XP_029040584.1, XP_029040585.1
OG0005229	XP_015190795.1, XP_015190798.1	XP_029033977.1
OG0005230	XP_015185560.1	XP_029043335.1
OG0005231	XP_015171318.1	XP_029049834.1
OG0005232	XP_015184707.1	XP_029048725.1
OG0005233	XP_015188335.1	XP_029050193.1
OG0005234	XP_015177559.1	XP_029046608.1
OG0005235	XP_015184792.1	XP_029045149.1
OG0005236	XP_015176123.1	XP_029039408.1
OG0005237	XP_015178150.1	XP_029042176.1
OG0005238	XP_015187132.1	XP_029031918.1
OG0005239	XP_015176077.1	XP_029042489.1
OG0005240	XP_015172613.1	XP_029038802.1
OG0005241	XP_015171754.1	XP_029049680.1
OG0005242	XP_015180553.1	XP_029042264.1
OG0005243	XP_015184838.1	XP_029051943.1
OG0005244	XP_015171465.1, XP_015171464.1	XP_029036201.1
OG0005245	XP_015178799.1	XP_029046938.1
OG0005246	XP_015187236.1	XP_029047597.1
OG0005248	XP_015182742.1	XP_029037033.1
OG0005249	XP_015173598.1	XP_029045446.1
OG0005250	XP_015186113.1, XP_015186148.1	XP_029037367.1
OG0005251	XP_015186251.1	XP_029037037.1
OG0005252	XP_015176602.1	XP_029034892.1
OG0005253	XP_015180206.1, XP_015180207.1	XP_029043352.1
OG0005254	XP_015186088.1, XP_015186090.1	XP_029034076.1
OG0005255	XP_015172751.1	XP_029035884.1
OG0005256	XP_015189045.1	XP_029041161.1
OG0005257	XP_015174397.1	XP_029047717.1
OG0005258	XP_015186035.1	XP_029050181.1
OG0005259	XP_015184152.1, XP_015184143.1	XP_029044603.1
OG0005260	XP_015172414.1	XP_029034450.1
OG0005261	XP_015187446.1	XP_029035119.1
OG0005262	XP_015189803.1	XP_029040666.1
OG0005263	XP_015187027.1	XP_029043061.1
OG0005264	XP_015191198.1	XP_029049180.1
OG0005265	XP_015190131.1	XP_029050283.1
OG0005266	XP_015186996.1, XP_015186997.1	XP_029044925.1
OG0005267	XP_015171653.1	XP_029038497.1
OG0005268	XP_015178708.1, XP_015178717.1	XP_029056590.1
OG0005269	XP_015173794.1	XP_029038608.1
OG0005270	XP_015179881.1	XP_029045968.1
OG0005271	XP_015175945.1	XP_029051725.1
OG0005272	XP_015179170.1	XP_029037738.1
OG0005273	XP_015179364.1	XP_029052485.1
OG0005274	XP_015177753.1	XP_029041792.1
OG0005275	XP_015174879.1	XP_029044282.1
OG0005276	XP_015171501.1	XP_029049677.1
OG0005277	XP_015176932.1, XP_015176931.1	XP_029053168.1
OG0005278	XP_015175961.1	XP_029046309.1
OG0005280	XP_015173197.1	XP_029034497.1
OG0005281	XP_015191010.1	XP_029052239.1
OG0005282	XP_015188285.1	XP_029052578.1
OG0005283	XP_015185034.1	XP_029043847.1
OG0005284	XP_015187489.1	XP_029044292.1
OG0005285	XP_015181303.1	XP_029041056.1
OG0005286	XP_015172950.1	XP_029041097.1
OG0005287	XP_015188060.1	XP_029039726.1
OG0005288	XP_015180211.1, XP_015180209.1	XP_029047494.1
OG0005290	XP_015183541.1	XP_029043041.1
OG0005291	XP_015172133.1	XP_029051332.1
OG0005292	XP_015188237.1	XP_029046534.1
OG0005293	XP_015176707.1	XP_029043113.1
OG0005294	XP_015188961.1	XP_029054012.1
OG0005295	XP_015176937.1	XP_029045561.1
OG0005296	XP_015178093.1	XP_029048921.1
OG0005297	XP_015171923.1	XP_029051164.1
OG0005298	XP_015178054.1	XP_029045215.1
OG0005299	XP_015184941.1	XP_029045775.1
OG0005300	XP_015175298.1	XP_029051000.1
OG0005301	XP_015187760.1	XP_029051403.1
OG0005302	XP_015180111.1	XP_029051333.1
OG0005303	XP_015182901.1	XP_029050729.1
OG0005304	XP_015174854.1	XP_029039922.1
OG0005305	XP_015172175.1	XP_029051028.1
OG0005306	XP_015172000.1	XP_029033765.1
OG0005307	XP_015186831.1	XP_029049776.1
OG0005308	XP_015173964.1	XP_029035409.1
OG0005309	XP_015185481.1	XP_029042752.1
OG0005311	XP_015186906.1	XP_029046957.1
OG0005312	XP_015181933.1	XP_029044881.1
OG0005313	XP_015180330.1	XP_029042696.1
OG0005314	XP_015185402.1	XP_029038925.1
OG0005315	XP_015175912.1	XP_029048916.1
OG0005317	XP_015185421.1	XP_029040586.1
OG0005318	XP_015171636.1	XP_029055508.1
OG0005319	XP_015174653.1	XP_029054182.1
OG0005320	XP_015185667.1	XP_029032755.1
OG0005321	XP_015191419.1	XP_029042454.1
OG0005322	XP_015183713.1	XP_029034567.1
OG0005323	XP_015189368.1	XP_029036509.1
OG0005324	XP_015171426.1	XP_029049829.1
OG0005325	XP_015182711.1	XP_029050334.1, XP_029050342.1
OG0005327	XP_015186825.1	XP_029049662.1
OG0005328	XP_015182802.1	XP_029055383.1
OG0005329	XP_015172612.1	XP_029036215.1
OG0005330	XP_015171469.1	XP_029036202.1
OG0005331	XP_015189680.1	XP_029038019.1
OG0005332	XP_015181412.1	XP_029040762.1
OG0005333	XP_015189482.1	XP_029043083.1
OG0005334	XP_015191407.1	XP_029041004.1
OG0005335	XP_015179333.1	XP_029042376.1
OG0005336	XP_015176457.1	XP_029039918.1
OG0005337	XP_015171817.1	XP_029041298.1
OG0005338	XP_015175566.1	XP_029032817.1
OG0005339	XP_015191541.1	XP_029042340.1
OG0005340	XP_015179343.1	XP_029054002.1
OG0005341	XP_015185141.1	XP_029035735.1
OG0005342	XP_015171243.1	XP_029050574.1
OG0005343	XP_015173530.1	XP_029035949.1
OG0005344	XP_015188996.1	XP_029048325.1
OG0005345	XP_015184724.1	XP_029052054.1
OG0005346	XP_015180775.1	XP_029056080.1, XP_029056078.1
OG0005347	XP_015173276.1	XP_029049288.1
OG0005348	XP_015185253.1	XP_029040244.1
OG0005349	XP_015178487.1	XP_029049052.1
OG0005350	XP_015183055.1	XP_029037683.1
OG0005351	XP_015189215.1	XP_029037826.1
OG0005352	XP_015174507.1	XP_029050513.1
OG0005353	XP_015182632.1	XP_029036572.1, XP_029036573.1
OG0005354	XP_015184185.1	XP_029049865.1
OG0005355	XP_015189511.1	XP_029040794.1
OG0005356	XP_015180871.1	XP_029048920.1
OG0005357	XP_015188247.1	XP_029036702.1
OG0005358	XP_015185347.1	XP_029038685.1
OG0005359	XP_015176615.1	XP_029034666.1
OG0005360	XP_015183120.1	XP_029047195.1
OG0005361	XP_015191451.1	XP_029048870.1
OG0005362	XP_015178450.1	XP_029034287.1
OG0005363	XP_015184169.1	XP_029034825.1
OG0005364	XP_015171965.1	XP_029036434.1
OG0005365	XP_015187342.1	XP_029039413.1
OG0005366	XP_015174909.1	XP_029047723.1
OG0005367	XP_015188695.1	XP_029055924.1
OG0005368	XP_015176547.1	XP_029056156.1, XP_029056223.1
OG0005369	XP_015180086.1	XP_029036897.1
OG0005370	XP_015173899.1	XP_029051027.1
OG0005371	XP_015181516.1	XP_029042013.1, XP_029042014.1
OG0005372	XP_015174912.1	XP_029049301.1
OG0005373	XP_015186204.1	XP_029032652.1
OG0005374	XP_015188078.1	XP_029035568.1
OG0005375	XP_015178217.1	XP_029044636.1
OG0005376	XP_015188446.1, XP_015189350.1	XP_029055327.1
OG0005377	XP_015187270.1	XP_029038822.1
OG0005378	XP_015184790.1	XP_029041800.1
OG0005379	XP_015179877.1	XP_029037842.1
OG0005380	XP_015180169.1	XP_029032634.1
OG0005381	XP_015186205.1	XP_029046073.1
OG0005382	XP_015177385.1	XP_029037135.1
OG0005383	XP_015181993.1	XP_029040298.1
OG0005384	XP_015191808.1	XP_029039265.1
OG0005385	XP_015176886.1	XP_029052711.1
OG0005386	XP_015184620.1	XP_029048569.1
OG0005387	XP_015173676.1	XP_029042953.1
OG0005388	XP_015173657.1	XP_029035142.1
OG0005389	XP_015179962.1	XP_029046587.1
OG0005390	XP_015179115.1	XP_029035567.1
OG0005391	XP_015174660.1, XP_015174659.1	XP_029035274.1
OG0005392	XP_015191177.1	XP_029050027.1
OG0005393	XP_015186572.1	XP_029044018.1, XP_029043986.1
OG0005394	XP_015186260.1	XP_029052423.1
OG0005395	XP_015179844.1	XP_029045501.1, XP_029045500.1
OG0005396	XP_015172072.1	XP_029038222.1, XP_029038221.1
OG0005397	XP_015178947.1	XP_029032583.1
OG0005398	XP_015190395.1, XP_015190394.1	XP_029034502.1, XP_029034504.1
OG0005399	XP_015183423.1	XP_029053561.1
OG0005400	XP_015191738.1	XP_029045831.1
OG0005401	XP_015171359.1	XP_029045026.1
OG0005402	XP_015191179.1	XP_029050031.1
OG0005403	XP_015190799.1	XP_029032170.1
OG0005404	XP_015187796.1	XP_029032133.1
OG0005405	XP_015187040.1	XP_029044944.1
OG0005406	XP_015186734.1	XP_029053693.1
OG0005407	XP_015174232.1	XP_029033385.1
OG0005408	XP_015188298.1	XP_029050932.1
OG0005409	XP_015180818.1	XP_029034513.1, XP_029034523.1, XP_029034503.1
OG0005410	XP_015185205.1	XP_029048657.1
OG0005411	XP_015190984.1	XP_029037251.1
OG0005412	XP_015183984.1	XP_029043702.1
OG0005413	XP_015187074.1	XP_029033079.1
OG0005414	XP_015174288.1	XP_029044677.1
OG0005415	XP_015179604.1	XP_029039117.1
OG0005416	XP_015174952.1	XP_029050977.1
OG0005417	XP_015182277.1	XP_029044058.1
OG0005418	XP_015181978.1, XP_015181977.1, XP_015181979.1	XP_029040293.1
OG0005419	XP_015186439.1	XP_029041220.1, XP_029041219.1
OG0005420	XP_015171409.1	XP_029034137.1
OG0005421	XP_015177257.1	XP_029039526.1
OG0005422	XP_015177528.1	XP_029046887.1
OG0005423	XP_015177345.1	XP_029039461.1
OG0005424	XP_015188698.1	XP_029055914.1
OG0005425	XP_015182576.1	XP_029044617.1, XP_029045063.1
OG0005426	XP_015179511.1	XP_029033262.1
OG0005427	XP_015184464.1	XP_029035405.1
OG0005428	XP_015175449.1	XP_029041967.1, XP_029041966.1
OG0005429	XP_015190513.1	XP_029048301.1
OG0005430	XP_015173818.1	XP_029048158.1
OG0005431	XP_015191376.1	XP_029033571.1, XP_029033527.1
OG0005432	XP_015182778.1	XP_029034682.1
OG0005433	XP_015190558.1	XP_029041577.1, XP_029041578.1
OG0005434	XP_015173574.1	XP_029034625.1
OG0005435	XP_015190512.1	XP_029042513.1
OG0005436	XP_015188834.1	XP_029055218.1
OG0005437	XP_015172480.1	XP_029051344.1
OG0005438	XP_015171021.1	XP_029036985.1
OG0005439	XP_015189752.1	XP_029035512.1
OG0005440	XP_015180929.1	XP_029045997.1
OG0005441	XP_015186117.1	XP_029041409.1
OG0005442	XP_015186108.1	XP_029039884.1
OG0005443	XP_015181557.1	XP_029038517.1
OG0005444	XP_015184821.1	XP_029050822.1
OG0005446	XP_015175794.1	XP_029047918.1
OG0005447	XP_015173012.1	XP_029043108.1
OG0005448	XP_015184986.1	XP_029043861.1
OG0005449	XP_015183763.1	XP_029042451.1
OG0005450	XP_015182892.1	XP_029046029.1
OG0005451	XP_015178205.1	XP_029040027.1
OG0005452	XP_015185144.1	XP_029039686.1
OG0005453	XP_015182258.1	XP_029044072.1
OG0005454	XP_015191769.1	XP_029055820.1
OG0005455	XP_015185412.1	XP_029033861.1
OG0005456	XP_015183550.1, XP_015183549.1	XP_029043031.1
OG0005458	XP_015189850.1	XP_029047669.1
OG0005459	XP_015176939.1	XP_029052702.1
OG0005460	XP_015175376.1	XP_029056382.1, XP_029056275.1
OG0005461	XP_015187251.1	XP_029042862.1
OG0005462	XP_015186761.1	XP_029044971.1, XP_029044970.1
OG0005464	XP_015181966.1, XP_015181963.1	XP_029044175.1
OG0005465	XP_015173492.1	XP_029042893.1
OG0005466	XP_015177792.1	XP_029041684.1
OG0005467	XP_015184356.1	XP_029051690.1
OG0005468	XP_015188743.1	XP_029052095.1
OG0005469	XP_015182456.1	XP_029035170.1
OG0005470	XP_015177783.1	XP_029031884.1
OG0005471	XP_015175353.1	XP_029038292.1
OG0005472	XP_015178440.1	XP_029049451.1
OG0005473	XP_015173253.1	XP_029036385.1, XP_029035351.1
OG0005474	XP_015179611.1	XP_029039063.1
OG0005475	XP_015178099.1	XP_029048973.1
OG0005477	XP_015185337.1	XP_029043055.1
OG0005478	XP_015186526.1, XP_015186525.1	XP_029038628.1
OG0005479	XP_015180834.1	XP_029041316.1, XP_029041309.1
OG0005480	XP_015174561.1	XP_029044425.1
OG0005481	XP_015177094.1	XP_029049215.1
OG0005482	XP_015175249.1	XP_029050160.1
OG0005483	XP_015180815.1, XP_015180816.1	XP_029032765.1
OG0005484	XP_015174928.1	XP_029046283.1
OG0005485	XP_015191247.1, XP_015191246.1	XP_029047607.1
OG0005486	XP_015185050.1	XP_029042165.1
OG0005487	XP_015183674.1	XP_029037321.1
OG0005489	XP_015184378.1, XP_015184382.1	XP_029051776.1
OG0005490	XP_015191180.1	XP_029055676.1
OG0005491	XP_015187121.1	XP_029051471.1
OG0005492	XP_015177591.1	XP_029046818.1, XP_029046819.1
OG0005493	XP_015190293.1	XP_029052116.1
OG0005494	XP_015186352.1	XP_029035134.1, XP_029035133.1
OG0005495	XP_015174396.1	XP_029034334.1
OG0005497	XP_015183040.1	XP_029037665.1
OG0005498	XP_015182068.1	XP_029055330.1
OG0005499	XP_015185961.1, XP_015185954.1	XP_029052805.1
OG0005500	XP_015180749.1, XP_015180750.1	XP_029036099.1
OG0005501	XP_015184434.1	XP_029050269.1
OG0005502	XP_015188147.1	XP_029039821.1
OG0005503	XP_015187386.1	XP_029050001.1
OG0005504	XP_015188989.1	XP_029044334.1
OG0005505	XP_015185664.1	XP_029034489.1
OG0005506	XP_015191035.1	XP_029052262.1
OG0005507	XP_015189261.1	XP_029055395.1
OG0005508	XP_015187420.1	XP_029047080.1
OG0005509	XP_015171986.1	XP_029049641.1
OG0005510	XP_015174733.1, XP_015174734.1	XP_029045059.1
OG0005511	XP_015176663.1	XP_029046527.1
OG0005512	XP_015181894.1	XP_029042631.1
OG0005513	XP_015178999.1	XP_029039904.1
OG0005514	XP_015178439.1	XP_029049448.1
OG0005515	XP_015186532.1	XP_029043934.1
OG0005516	XP_015181116.1	XP_029052398.1, XP_029052400.1
OG0005517	XP_015188090.1, XP_015188087.1	XP_029048226.1
OG0005518	XP_015174335.1	XP_029040460.1, XP_029040456.1
OG0005519	XP_015185319.1	XP_029037800.1
OG0005520	XP_015173776.1	XP_029051510.1
OG0005521	XP_015175226.1	XP_029043846.1
OG0005522	XP_015172245.1	XP_029053312.1
OG0005523	XP_015182886.1	XP_029053984.1
OG0005524	XP_015182641.1	XP_029044678.1
OG0005525	XP_015180253.1, XP_015180225.1, XP_015180034.1	XP_029051843.1
OG0005526	XP_015178814.1	XP_029047848.1
OG0005527	XP_015178495.1	XP_029035825.1
OG0005528	XP_015172952.1	XP_029052072.1
OG0005529	XP_015184260.1	XP_029039820.1
OG0005530	XP_015175509.1	XP_029041069.1
OG0005531	XP_015179390.1	XP_029056443.1
OG0005532	XP_015179990.1	XP_029043569.1, XP_029043571.1
OG0005533	XP_015187865.1	XP_029043664.1, XP_029043671.1
OG0005534	XP_015176007.1	XP_029047454.1
OG0005535	XP_015191845.1	XP_029035462.1, XP_029035460.1
OG0005536	XP_015191373.1	XP_029040582.1
OG0005537	XP_015176511.1	XP_029037113.1
OG0005538	XP_015172663.1	XP_029040431.1
OG0005539	XP_015188352.1	XP_029036505.1
OG0005540	XP_015186228.1	XP_029043505.1
OG0005541	XP_015191042.1	XP_029045390.1
OG0005542	XP_015179035.1, XP_015179036.1	XP_029051635.1, XP_029051634.1
OG0005543	XP_015187592.1	XP_029053789.1, XP_029053786.1
OG0005544	XP_015181552.1	XP_029049394.1
OG0005545	XP_015183603.1	XP_029046633.1
OG0005546	XP_015188813.1	XP_029042602.1
OG0005547	XP_015177904.1	XP_029048083.1
OG0005548	XP_015177663.1	XP_029049886.1
OG0005549	XP_015184621.1	XP_029048566.1
OG0005550	XP_015191184.1	XP_029037462.1
OG0005551	XP_015187730.1	XP_029050405.1
OG0005552	XP_015179234.1	XP_029043853.1
OG0005553	XP_015175689.1	XP_029036539.1
OG0005554	XP_015177925.1	XP_029033306.1
OG0005555	XP_015185897.1	XP_029047553.1
OG0005556	XP_015178579.1	XP_029049464.1
OG0005557	XP_015173799.1	XP_029048268.1
OG0005559	XP_015183623.1	XP_029046773.1
OG0005560	XP_015191515.1	XP_029042591.1
OG0005561	XP_015185687.1	XP_029040024.1
OG0005562	XP_015175233.1	XP_029049319.1
OG0005563	XP_015178026.1	XP_029048969.1
OG0005564	XP_015173973.1	XP_029044820.1
OG0005565	XP_015183948.1	XP_029044654.1
OG0005566	XP_015181812.1	XP_029050393.1
OG0005567	XP_015180064.1	XP_029048527.1
OG0005568	XP_015176313.1	XP_029037289.1
OG0005569	XP_015186921.1	XP_029040691.1
OG0005570	XP_015188886.1	XP_029042346.1
OG0005571	XP_015171714.1	XP_029035765.1
OG0005572	XP_015180646.1	XP_029044828.1
OG0005573	XP_015184398.1	XP_029032495.1
OG0005574	XP_015176587.1	XP_029045299.1
OG0005575	XP_015178677.1	XP_029051643.1
OG0005576	XP_015184655.1	XP_029053147.1
OG0005577	XP_015173203.1	XP_029043823.1
OG0005578	XP_015188955.1	XP_029035138.1
OG0005579	XP_015188835.1	XP_029034685.1
OG0005580	XP_015177399.1	XP_029032180.1
OG0005581	XP_015184257.1	XP_029032080.1
OG0005582	XP_015178417.1, XP_015178415.1	XP_029045983.1
OG0005583	XP_015189004.1	XP_029039188.1
OG0005584	XP_015183253.1	XP_029045967.1
OG0005585	XP_015176809.1	XP_029037421.1
OG0005586	XP_015175453.1	XP_029052063.1
OG0005587	XP_015177106.1	XP_029033043.1
OG0005588	XP_015188892.1	XP_029046647.1
OG0005589	XP_015186059.1	XP_029037252.1
OG0005590	XP_015181794.1	XP_029039824.1
OG0005591	XP_015175475.1	XP_029042009.1
OG0005593	XP_015172529.1	XP_029038741.1
OG0005594	XP_015191813.1	XP_029045819.1
OG0005595	XP_015172364.1	XP_029035850.1
OG0005597	XP_015175501.1	XP_029055894.1
OG0005598	XP_015190425.1	XP_029047775.1
OG0005599	XP_015191653.1	XP_029053148.1
OG0005600	XP_015173831.1	XP_029056626.1
OG0005601	XP_015188189.1	XP_029038709.1
OG0005602	XP_015189992.1	XP_029047396.1
OG0005603	XP_015179661.1	XP_029050749.1
OG0005604	XP_015179673.1	XP_029041823.1
OG0005605	XP_015189136.1	XP_029035478.1
OG0005606	XP_015186555.1	XP_029055522.1
OG0005607	XP_015187615.1	XP_029036363.1
OG0005608	XP_015172867.1	XP_029033678.1
OG0005609	XP_015184697.1	XP_029056522.1
OG0005610	XP_015184690.1	XP_029056486.1
OG0005611	XP_015172096.1	XP_029037149.1
OG0005612	XP_015182057.1	XP_029041341.1, XP_029041342.1
OG0005613	XP_015191780.1	XP_029041873.1, XP_029041593.1
OG0005614	XP_015173732.1	XP_029046089.1
OG0005615	XP_015179451.1	XP_029045930.1
OG0005616	XP_015177781.1	XP_029041026.1
OG0005617	XP_015185281.1	XP_029040250.1
OG0005618	XP_015172263.1	XP_029050626.1
OG0005620	XP_015177539.1	XP_029032382.1
OG0005621	XP_015191576.1	XP_029043869.1, XP_029042354.1
OG0005622	XP_015183793.1	XP_029045550.1
OG0005623	XP_015178971.1	XP_029053098.1
OG0005624	XP_015176387.1	XP_029036172.1
OG0005625	XP_015174162.1	XP_029035311.1
OG0005626	XP_015176048.1	XP_029032027.1, XP_029032002.1
OG0005627	XP_015186867.1	XP_029049671.1
OG0005628	XP_015178568.1	XP_029040005.1
OG0005629	XP_015176497.1	XP_029043886.1, XP_029043887.1
OG0005630	XP_015175647.1	XP_029050017.1
OG0005631	XP_015183830.1	XP_029042541.1
OG0005632	XP_015180234.1	XP_029032846.1
OG0005633	XP_015172597.1	XP_029038885.1
OG0005634	XP_015191181.1	XP_029047375.1
OG0005635	XP_015182267.1, XP_015182268.1	XP_029037653.1
OG0005636	XP_015180448.1, XP_015180445.1	XP_029050970.1
OG0005637	XP_015171546.1	XP_029037471.1
OG0005638	XP_015191629.1	XP_029035769.1
OG0005639	XP_015180176.1	XP_029039635.1, XP_029039636.1
OG0005640	XP_015182297.1	XP_029037794.1
OG0005641	XP_015191823.1	XP_029038469.1
OG0005642	XP_015191424.1	XP_029042276.1
OG0005643	XP_015185374.1	XP_029038680.1
OG0005644	XP_015175381.1	XP_029036444.1
OG0005645	XP_015185350.1	XP_029037992.1, XP_029037993.1
OG0005646	XP_015191316.1	XP_029048297.1
OG0005647	XP_015189370.1	XP_029048893.1
OG0005649	XP_015172186.1	XP_029043550.1, XP_029043549.1
OG0005650	XP_015184869.1	XP_029040966.1
OG0005651	XP_015189046.1	XP_029041163.1
OG0005652	XP_015171505.1	XP_029055501.1
OG0005653	XP_015189269.1	XP_029032866.1
OG0005654	XP_015179925.1	XP_029046574.1
OG0005655	XP_015188406.1	XP_029051798.1
OG0005656	XP_015177619.1	XP_029053224.1
OG0005657	XP_015188909.1	XP_029034771.1
OG0005658	XP_015174452.1	XP_029038344.1
OG0005659	XP_015190536.1	XP_029036696.1
OG0005660	XP_015191251.1, XP_015191250.1	XP_029053145.1
OG0005661	XP_015175754.1	XP_029039619.1
OG0005662	XP_015177765.1	XP_029053825.1
OG0005663	XP_015175985.1	XP_029047638.1
OG0005664	XP_015173224.1	XP_029049291.1
OG0005665	XP_015185780.1	XP_029035708.1
OG0005666	XP_015172942.1	XP_029039638.1
OG0005667	XP_015177462.1	XP_029038501.1
OG0005668	XP_015188349.1	XP_029036493.1
OG0005669	XP_015186111.1	XP_029039750.1
OG0005670	XP_015183677.1	XP_029036718.1
OG0005671	XP_015188481.1	XP_029051226.1
OG0005672	XP_015181610.1	XP_029053334.1
OG0005673	XP_015178906.1	XP_029054338.1
OG0005674	XP_015172848.1	XP_029047482.1
OG0005675	XP_015180191.1	XP_029038974.1
OG0005676	XP_015171367.1	XP_029042054.1
OG0005677	XP_015189518.1	XP_029035275.1
OG0005678	XP_015180997.1	XP_029046482.1
OG0005679	XP_015182965.1	XP_029047744.1
OG0005681	XP_015188204.1	XP_029052020.1
OG0005682	XP_015180208.1	XP_029048610.1
OG0005683	XP_015182756.1	XP_029046123.1, XP_029046122.1
OG0005684	XP_015187061.1	XP_029056551.1
OG0005685	XP_015181841.1	XP_029040275.1
OG0005686	XP_015182731.1	XP_029042685.1
OG0005687	XP_015171449.1	XP_029055462.1
OG0005688	XP_015173902.1, XP_015173903.1	XP_029051002.1
OG0005689	XP_015183875.1	XP_029047325.1
OG0005690	XP_015171242.1	XP_029050525.1
OG0005691	XP_015172042.1	XP_029046581.1
OG0005692	XP_015185345.1	XP_029043385.1
OG0005693	XP_015186884.1	XP_029044629.1
OG0005694	XP_015175047.1	XP_029043345.1
OG0005695	XP_015181279.1	XP_029038593.1
OG0005696	XP_015191236.1	XP_029049182.1
OG0005697	XP_015188974.1	XP_029055595.1
OG0005698	XP_015176186.1	XP_029055456.1, XP_029055453.1
OG0005699	XP_015171622.1	XP_029052803.1
OG0005700	XP_015186125.1	XP_029045438.1, XP_029045387.1
OG0005701	XP_015174037.1	XP_029044599.1
OG0005702	XP_015186244.1	XP_029051873.1
OG0005703	XP_015171679.1	XP_029055452.1
OG0005704	XP_015191662.1	XP_029036527.1
OG0005705	XP_015171871.1	XP_029048266.1
OG0005706	XP_015174888.1, XP_015174890.1	XP_029042617.1
OG0005707	XP_015172120.1	XP_029056352.1
OG0005708	XP_015181423.1	XP_029045357.1
OG0005709	XP_015174593.1, XP_015174594.1	XP_029046373.1
OG0005710	XP_015176318.1	XP_029038259.1
OG0005711	XP_015180965.1	XP_029049613.1
OG0005712	XP_015185957.1	XP_029032788.1
OG0005713	XP_015184156.1	XP_029034839.1
OG0005714	XP_015178939.1, XP_015178937.1, XP_015178938.1	XP_029034217.1
OG0005715	XP_015172650.1	XP_029032702.1
OG0005716	XP_015184993.1	XP_029036829.1
OG0005717	XP_015186498.1	XP_029038028.1
OG0005718	XP_015187268.1	XP_029043662.1
OG0005719	XP_015181384.1	XP_029035354.1
OG0005720	XP_015184299.1	XP_029049434.1
OG0005721	XP_015189452.1	XP_029038430.1
OG0005722	XP_015188036.1	XP_029036006.1, XP_029036005.1, XP_029036003.1
OG0005724	XP_015179058.1, XP_015179064.1	XP_029047830.1
OG0005725	XP_015172192.1	XP_029050641.1
OG0005726	XP_015188466.1	XP_029037703.1
OG0005727	XP_015175463.1	XP_029055873.1
OG0005728	XP_015180788.1	XP_029056073.1, XP_029056063.1
OG0005729	XP_015178223.1, XP_015178225.1	XP_029050522.1
OG0005730	XP_015181808.1	XP_029050388.1
OG0005731	XP_015181729.1	XP_029054832.1
OG0005732	XP_015190307.1	XP_029040911.1, XP_029040913.1
OG0005733	XP_015183696.1	XP_029038239.1
OG0005734	XP_015187572.1	XP_029050949.1
OG0005735	XP_015171308.1	XP_029038165.1
OG0005736	XP_015185937.1	XP_029049010.1
OG0005737	XP_015189013.1	XP_029050758.1
OG0005738	XP_015182905.1	XP_029050722.1
OG0005739	XP_015171368.1	XP_029042063.1
OG0005740	XP_015182918.1, XP_015182919.1	XP_029047781.1
OG0005741	XP_015177515.1	XP_029046886.1
OG0005742	XP_015188325.1	XP_029039727.1
OG0005743	XP_015184989.1	XP_029051242.1
OG0005744	XP_015181560.1	XP_029049564.1
OG0005745	XP_015183991.1	XP_029043699.1
OG0005746	XP_015174276.1	XP_029048738.1
OG0005747	XP_015171865.1	XP_029046462.1
OG0005748	XP_015189513.1	XP_029034979.1
OG0005749	XP_015182912.1	XP_029049631.1
OG0005750	XP_015187202.1	XP_029042861.1
OG0005751	XP_015179295.1	XP_029049534.1
OG0005752	XP_015189601.1, XP_015189611.1	XP_029034091.1
OG0005754	XP_015183153.1	XP_029044283.1
OG0005755	XP_015178011.1, XP_015178012.1	XP_029047421.1
OG0005756	XP_015182673.1	XP_029037426.1
OG0005757	XP_015171743.1, XP_015171744.1	XP_029037763.1
OG0005758	XP_015181779.1	XP_029043747.1
OG0005759	XP_015178407.1	XP_029034051.1
OG0005760	XP_015188035.1	XP_029036386.1
OG0005761	XP_015176148.1	XP_029051951.1
OG0005762	XP_015182049.1	XP_029034662.1
OG0005763	XP_015177794.1	XP_029053104.1
OG0005764	XP_015181658.1	XP_029034612.1
OG0005765	XP_015174283.1	XP_029044819.1
OG0005766	XP_015181929.1	XP_029046565.1
OG0005767	XP_015175832.1	XP_029043557.1
OG0005768	XP_015179145.1	XP_029043191.1
OG0005769	XP_015176550.1, XP_015176548.1	XP_029036044.1
OG0005770	XP_015183759.1	XP_029049691.1, XP_029049692.1
OG0005771	XP_015173724.1	XP_029048020.1, XP_029048019.1
OG0005772	XP_015174093.1, XP_015174091.1	XP_029035454.1
OG0005773	XP_015174924.1	XP_029040067.1
OG0005774	XP_015176731.1, XP_015176730.1, XP_015176732.1	XP_029037331.1
OG0005775	XP_015187435.1	XP_029050360.1, XP_029050359.1
OG0005776	XP_015181314.1	XP_029049854.1
OG0005777	XP_015183850.1	XP_029035089.1, XP_029035093.1
OG0005778	XP_015188856.1	XP_029034688.1
OG0005779	XP_015177108.1	XP_029035280.1, XP_029035279.1
OG0005780	XP_015178909.1	XP_029044621.1
OG0005781	XP_015173887.1	XP_029037615.1
OG0005782	XP_015172580.1	XP_029041291.1
OG0005783	XP_015187838.1	XP_029052011.1, XP_029052010.1
OG0005784	XP_015184666.1	XP_029052876.1
OG0005785	XP_015190346.1	XP_029043471.1
OG0005786	XP_015184259.1	XP_029039818.1
OG0005787	XP_015173869.1	XP_029051560.1
OG0005789	XP_015180063.1	XP_029044211.1
OG0005790	XP_015171903.1	XP_029051569.1
OG0005791	XP_015182217.1	XP_029037525.1
OG0005792	XP_015172643.1	XP_029039294.1
OG0005793	XP_015174416.1	XP_029039830.1
OG0005794	XP_015172530.1	XP_029034600.1
OG0005795	XP_015173655.1	XP_029031987.1
OG0005796	XP_015173637.1	XP_029056656.1
OG0005797	XP_015175882.1	XP_029046685.1
OG0005798	XP_015183421.1	XP_029040424.1
OG0005799	XP_015183237.1	XP_029046558.1
OG0005800	XP_015177371.1	XP_029047820.1
OG0005801	XP_015189874.1	XP_029035018.1
OG0005802	XP_015188202.1, XP_015188201.1	XP_029039543.1
OG0005803	XP_015186118.1	XP_029040017.1
OG0005804	XP_015176557.1, XP_015176556.1	XP_029033336.1
OG0005805	XP_015173777.1	XP_029051516.1, XP_029051517.1, XP_029051515.1
OG0005806	XP_015190215.1	XP_029052596.1
OG0005807	XP_015172846.1	XP_029048645.1
OG0005808	XP_015181376.1	XP_029032895.1
OG0005809	XP_015184220.1	XP_029048025.1
OG0005810	XP_015188806.1	XP_029037810.1, XP_029037811.1, XP_029037812.1
OG0005811	XP_015181590.1	XP_029053340.1
OG0005812	XP_015180447.1	XP_029046699.1
OG0005813	XP_015181938.1, XP_015181937.1	XP_029044854.1
OG0005814	XP_015182381.1	XP_029034109.1
OG0005815	XP_015180850.1	XP_029049110.1
OG0005816	XP_015175265.1	XP_029034611.1
OG0005817	XP_015190520.1	XP_029042337.1
OG0005818	XP_015183643.1	XP_029046781.1
OG0005819	XP_015171400.1	XP_029036140.1
OG0005821	XP_015172808.1	XP_029055620.1
OG0005822	XP_015181222.1	XP_029049313.1, XP_029051650.1, XP_029049484.1
OG0005823	XP_015179270.1	XP_029046825.1, XP_029046824.1, XP_029046823.1
OG0005824	XP_015187949.1	XP_029031912.1
OG0005825	XP_015173148.1	XP_029035277.1
OG0005826	XP_015189094.1, XP_015189095.1	XP_029042415.1
OG0005827	XP_015172572.1	XP_029048823.1
OG0005828	XP_015181075.1, XP_015181083.1	XP_029046256.1
OG0005829	XP_015173625.1	XP_029037622.1
OG0005830	XP_015177196.1	XP_029047602.1
OG0005831	XP_015177900.1	XP_029048024.1
OG0005832	XP_015190497.1	XP_029040987.1
OG0005833	XP_015179646.1	XP_029053504.1
OG0005834	XP_015190728.1	XP_029040402.1, XP_029040403.1
OG0005835	XP_015174341.1	XP_029043497.1
OG0005836	XP_015186995.1	XP_029032856.1
OG0005845	XP_015190909.1	XP_029039859.1
OG0005846	XP_015185770.1	XP_029047391.1
OG0005847	XP_015176002.1	XP_029041908.1
OG0005848	XP_015174103.1	XP_029042355.1
OG0005849	XP_015178967.1	XP_029031963.1
OG0005850	XP_015184337.1	XP_029056589.1
OG0005851	XP_015176953.1	XP_029052426.1
OG0005852	XP_015185931.1	XP_029053643.1
OG0005853	XP_015175297.1	XP_029038574.1
OG0005854	XP_015177806.1	XP_029039293.1
OG0005855	XP_015183188.1	XP_029043328.1
OG0005856	XP_015173185.1	XP_029047951.1
OG0005857	XP_015176828.1	XP_029056094.1, XP_029056125.1
OG0005858	XP_015177687.1	XP_029040220.1
OG0005859	XP_015171393.1	XP_029033107.1
OG0005860	XP_015175028.1	XP_029051558.1
OG0005861	XP_015191139.1	XP_029044758.1
OG0005862	XP_015172831.1	XP_029043018.1
OG0005863	XP_015181596.1	XP_029040122.1
OG0005864	XP_015174792.1	XP_029045308.1
OG0005865	XP_015175102.1	XP_029044562.1, XP_029044563.1
OG0005866	XP_015183949.1	XP_029051292.1
OG0005867	XP_015181751.1	XP_029053641.1
OG0005868	XP_015172044.1	XP_029046593.1
OG0005869	XP_015171459.1	XP_029053555.1
OG0005870	XP_015173194.1	XP_029043092.1
OG0005871	XP_015185247.1	XP_029042139.1
OG0005872	XP_015172830.1	XP_029047962.1
OG0005873	XP_015175952.1	XP_029039573.1
OG0005874	XP_015185235.1	XP_029038930.1
OG0005875	XP_015190948.1	XP_029042556.1
OG0005876	XP_015190404.1	XP_029042336.1
OG0005877	XP_015189299.1	XP_029055706.1
OG0005878	XP_015185136.1	XP_029038749.1
OG0005879	XP_015178288.1	XP_029048975.1
OG0005880	XP_015182808.1	XP_029033193.1
OG0005881	XP_015184031.1	XP_029046009.1
OG0005882	XP_015176820.1	XP_029032453.1
OG0005883	XP_015179259.1, XP_015179258.1	XP_029043933.1
OG0005884	XP_015181659.1	XP_029054731.1
OG0005885	XP_015186660.1	XP_029044205.1, XP_029044298.1
OG0005886	XP_015180036.1	XP_029046745.1
OG0005887	XP_015188123.1	XP_029053564.1
OG0005888	XP_015184125.1	XP_029046411.1
OG0005889	XP_015179916.1	XP_029051601.1
OG0005890	XP_015182529.1	XP_029040566.1
OG0005891	XP_015184033.1	XP_029046008.1
OG0005892	XP_015186496.1	XP_029034375.1
OG0005893	XP_015174522.1	XP_029042244.1
OG0005894	XP_015178638.1	XP_029039143.1
OG0005895	XP_015183264.1	XP_029038412.1
OG0005896	XP_015178295.1	XP_029033292.1
OG0005897	XP_015171670.1	XP_029053296.1
OG0005898	XP_015174534.1	XP_029050330.1
OG0005899	XP_015187560.1	XP_029047909.1
OG0005900	XP_015182729.1	XP_029037036.1
OG0005901	XP_015177943.1	XP_029036687.1
OG0005902	XP_015186355.1	XP_029035141.1
OG0005903	XP_015190489.1	XP_029050941.1
OG0005904	XP_015175508.1	XP_029055906.1
OG0005905	XP_015186176.1	XP_029040553.1
OG0005906	XP_015172069.1	XP_029031848.1
OG0005907	XP_015181813.1	XP_029032691.1
OG0005908	XP_015186098.1	XP_029041489.1
OG0005909	XP_015189826.1	XP_029053015.1
OG0005910	XP_015174253.1	XP_029054421.1
OG0005911	XP_015182809.1	XP_029051555.1
OG0005912	XP_015178719.1	XP_029039880.1
OG0005913	XP_015185498.1	XP_029035602.1
OG0005914	XP_015179799.1	XP_029052842.1
OG0005915	XP_015184571.1	XP_029032210.1
OG0005916	XP_015177479.1	XP_029053429.1
OG0005917	XP_015180942.1	XP_029043136.1, XP_029043137.1
OG0005918	XP_015183211.1, XP_015183202.1	XP_029045612.1
OG0005919	XP_015179436.1	XP_029040126.1
OG0005920	XP_015179816.1	XP_029045499.1
OG0005921	XP_015182753.1, XP_015182752.1	XP_029037112.1
OG0005922	XP_015174907.1	XP_029043316.1
OG0005923	XP_015171466.1	XP_029036682.1
OG0005924	XP_015189122.1	XP_029051877.1
OG0005925	XP_015174074.1	XP_029036930.1
OG0005926	XP_015173494.1	XP_029035993.1
OG0005927	XP_015187975.1	XP_029036940.1
OG0005928	XP_015181745.1	XP_029040845.1
OG0005929	XP_015176084.1	XP_029038125.1
OG0005930	XP_015175319.1	XP_029050102.1
OG0005931	XP_015191562.1, XP_015191561.1	XP_029047013.1
OG0005933	XP_015175401.1	XP_029044785.1, XP_029045171.1
OG0005934	XP_015178518.1	XP_029051099.1
OG0005935	XP_015182326.1	XP_029049385.1
OG0005936	XP_015183766.1	XP_029042461.1
OG0005937	XP_015186381.1	XP_029034678.1
OG0005938	XP_015178533.1	XP_029038114.1
OG0005939	XP_015175208.1	XP_029049562.1
OG0005940	XP_015172150.1	XP_029032251.1
OG0005941	XP_015189364.1	XP_029043893.1
OG0005942	XP_015174098.1	XP_029048270.1
OG0005943	XP_015188297.1	XP_029035745.1
OG0005944	XP_015187472.1	XP_029049625.1
OG0005945	XP_015175085.1	XP_029037178.1
OG0005946	XP_015189021.1	XP_029050659.1
OG0005947	XP_015171716.1	XP_029041742.1
OG0005948	XP_015173244.1	XP_029050004.1
OG0005949	XP_015189714.1	XP_029052511.1
OG0005950	XP_015186523.1	XP_029039018.1
OG0005951	XP_015175436.1	XP_029041942.1
OG0005952	XP_015172748.1	XP_029035883.1
OG0005953	XP_015188591.1, XP_015188594.1, XP_015188592.1	XP_029043551.1
OG0005954	XP_015182293.1	XP_029032983.1
OG0005955	XP_015173636.1	XP_029056655.1
OG0005956	XP_015183190.1	XP_029039112.1
OG0005957	XP_015183594.1	XP_029043040.1
OG0005958	XP_015182956.1	XP_029056610.1
OG0005959	XP_015174517.1	XP_029044747.1
OG0005960	XP_015183173.1	XP_029054172.1
OG0005961	XP_015186875.1	XP_029040695.1
OG0005962	XP_015190358.1	XP_029039209.1
OG0005963	XP_015186012.1	XP_029042818.1
OG0005964	XP_015183452.1	XP_029048505.1
OG0005965	XP_015182135.1	XP_029035054.1
OG0005966	XP_015179641.1	XP_029039046.1
OG0005967	XP_015173553.1	XP_029041890.1
OG0005968	XP_015188644.1	XP_029032334.1
OG0005969	XP_015179806.1	XP_029043432.1
OG0005970	XP_015188969.1	XP_029055352.1
OG0005972	XP_015187095.1	XP_029049461.1
OG0005973	XP_015189733.1	XP_029035590.1
OG0005974	XP_015186261.1	XP_029033788.1
OG0005975	XP_015183836.1	XP_029052570.1
OG0005976	XP_015174281.1	XP_029049899.1
OG0005977	XP_015177551.1	XP_029052641.1
OG0005978	XP_015189020.1	XP_029031849.1
OG0005979	XP_015186211.1	XP_029036655.1
OG0005980	XP_015187385.1	XP_029050458.1
OG0005981	XP_015182233.1	XP_029040837.1
OG0005982	XP_015182471.1	XP_029032479.1
OG0005983	XP_015177485.1, XP_015177486.1	XP_029032179.1
OG0005984	XP_015176994.1	XP_029034739.1
OG0005985	XP_015184265.1	XP_029039822.1
OG0005986	XP_015171941.1	XP_029035937.1
OG0005987	XP_015188851.1	XP_029032623.1
OG0005988	XP_015183539.1	XP_029052038.1
OG0005989	XP_015173600.1	XP_029035951.1
OG0005990	XP_015178361.1	XP_029041568.1
OG0005991	XP_015189300.1	XP_029035041.1
OG0005992	XP_015174518.1	XP_029048100.1
OG0005993	XP_015175812.1	XP_029038147.1
OG0005994	XP_015185023.1	XP_029040136.1
OG0005995	XP_015178855.1	XP_029048637.1
OG0005996	XP_015188920.1	XP_029035015.1
OG0005997	XP_015183025.1	XP_029041281.1
OG0005998	XP_015180832.1	XP_029032136.1
OG0005999	XP_015175462.1	XP_029042012.1
OG0006000	XP_015190807.1	XP_029053740.1
OG0006001	XP_015188157.1	XP_029051979.1
OG0006002	XP_015173008.1	XP_029042843.1, XP_029042279.1
OG0006003	XP_015177245.1	XP_029052968.1
OG0006004	XP_015178199.1, XP_015178200.1	XP_029052551.1
OG0006005	XP_015174311.1	XP_029047291.1
OG0006006	XP_015174477.1	XP_029044805.1
OG0006007	XP_015182780.1	XP_029034275.1
OG0006008	XP_015171513.1	XP_029035264.1, XP_029035265.1
OG0006009	XP_015191025.1	XP_029053929.1
OG0006010	XP_015180521.1	XP_029042828.1, XP_029042829.1
OG0006011	XP_015189160.1	XP_029032941.1
OG0006012	XP_015180227.1	XP_029034211.1
OG0006013	XP_015173213.1	XP_029034622.1
OG0006014	XP_015174615.1	XP_029038812.1
OG0006015	XP_015180909.1	XP_029052806.1
OG0006016	XP_015191554.1	XP_029045935.1
OG0006017	XP_015178951.1	XP_029055414.1
OG0006018	XP_015191531.1	XP_029042240.1
OG0006019	XP_015181834.1	XP_029040325.1
OG0006020	XP_015174132.1	XP_029042060.1
OG0006021	XP_015179880.1	XP_029052494.1
OG0006022	XP_015173631.1	XP_029035131.1
OG0006023	XP_015184545.1	XP_029036583.1
OG0006024	XP_015191684.1	XP_029039246.1
OG0006025	XP_015187921.1	XP_029040483.1
OG0006026	XP_015181340.1	XP_029041965.1
OG0006027	XP_015182840.1	XP_029048066.1
OG0006028	XP_015186946.1	XP_029035455.1
OG0006029	XP_015171478.1	XP_029046822.1
OG0006030	XP_015187287.1	XP_029033721.1
OG0006031	XP_015185352.1	XP_029053018.1
OG0006032	XP_015176852.1	XP_029045337.1
OG0006033	XP_015185213.1	XP_029046932.1
OG0006034	XP_015173855.1	XP_029055319.1
OG0006035	XP_015182464.1	XP_029032471.1
OG0006036	XP_015177312.1	XP_029032661.1
OG0006037	XP_015181984.1	XP_029045143.1
OG0006038	XP_015182998.1	XP_029043860.1, XP_029043834.1
OG0006039	XP_015178147.1	XP_029035908.1
OG0006040	XP_015184359.1	XP_029056585.1
OG0006041	XP_015176935.1, XP_015176934.1	XP_029053174.1
OG0006042	XP_015187980.1	XP_029042782.1
OG0006043	XP_015190376.1	XP_029037862.1
OG0006044	XP_015180056.1	XP_029044202.1
OG0006045	XP_015186172.1	XP_029036487.1
OG0006046	XP_015171246.1	XP_029038154.1
OG0006047	XP_015191231.1	XP_029049184.1
OG0006048	XP_015178648.1	XP_029041479.1
OG0006049	XP_015187767.1	XP_029041188.1
OG0006050	XP_015171586.1	XP_029056599.1
OG0006051	XP_015176988.1	XP_029052460.1
OG0006052	XP_015175120.1	XP_029056521.1
OG0006053	XP_015182628.1	XP_029047395.1
OG0006054	XP_015175142.1	XP_029049553.1
OG0006055	XP_015188273.1	XP_029032293.1
OG0006056	XP_015188782.1	XP_029035699.1
OG0006057	XP_015176083.1	XP_029040719.1
OG0006058	XP_015188586.1	XP_029042315.1
OG0006059	XP_015174090.1	XP_029038553.1
OG0006060	XP_015176093.1	XP_029040806.1
OG0006061	XP_015183833.1	XP_029042553.1
OG0006062	XP_015180814.1	XP_029032107.1
OG0006063	XP_015171740.1	XP_029050081.1
OG0006064	XP_015172850.1	XP_029050918.1
OG0006065	XP_015176520.1	XP_029045295.1
OG0006066	XP_015182218.1	XP_029033069.1
OG0006067	XP_015172975.1	XP_029041237.1
OG0006068	XP_015187390.1	XP_029050115.1, XP_029052386.1
OG0006069	XP_015188115.1	XP_029051982.1
OG0006070	XP_015179594.1	XP_029033499.1
OG0006071	XP_015185489.1	XP_029032378.1
OG0006072	XP_015179602.1	XP_029043431.1
OG0006073	XP_015184098.1	XP_029043167.1
OG0006074	XP_015186951.1	XP_029049967.1
OG0006075	XP_015188824.1	XP_029042605.1
OG0006076	XP_015175483.1	XP_029048349.1
OG0006077	XP_015183498.1	XP_029049445.1
OG0006078	XP_015186258.1	XP_029049908.1
OG0006079	XP_015176230.1	XP_029046764.1
OG0006080	XP_015182081.1	XP_029052267.1
OG0006081	XP_015187717.1	XP_029037963.1
OG0006082	XP_015179099.1	XP_029042383.1
OG0006083	XP_015182104.1	XP_029044241.1
OG0006084	XP_015187716.1	XP_029034857.1
OG0006085	XP_015191786.1	XP_029036530.1
OG0006086	XP_015188459.1	XP_029039930.1, XP_029039939.1
OG0006087	XP_015179804.1	XP_029042906.1
OG0006088	XP_015189656.1	XP_029042954.1
OG0006089	XP_015187766.1	XP_029041200.1
OG0006090	XP_015182195.1	XP_029050157.1
OG0006091	XP_015171282.1	XP_029052338.1
OG0006092	XP_015176506.1	XP_029038414.1
OG0006093	XP_015171738.1	XP_029036241.1
OG0006094	XP_015178392.1	XP_029034011.1
OG0006095	XP_015181094.1	XP_029052572.1
OG0006096	XP_015183444.1	XP_029051774.1
OG0006098	XP_015171531.1	XP_029034307.1
OG0006099	XP_015176332.1	XP_029034937.1
OG0006100	XP_015181974.1	XP_029038564.1
OG0006101	XP_015186924.1	XP_029040092.1
OG0006102	XP_015174405.1	XP_029037117.1
OG0006103	XP_015185821.1	XP_029035679.1
OG0006104	XP_015178534.1	XP_029034068.1
OG0006105	XP_015187913.1	XP_029048294.1
OG0006106	XP_015190408.1	XP_029039990.1
OG0006107	XP_015185031.1	XP_029038200.1
OG0006108	XP_015184268.1	XP_029037947.1
OG0006109	XP_015174101.1	XP_029035410.1
OG0006110	XP_015189096.1	XP_029043732.1
OG0006111	XP_015176890.1	XP_029036857.1
OG0006112	XP_015182893.1	XP_029047242.1, XP_029047243.1
OG0006113	XP_015174138.1	XP_029042282.1
OG0006114	XP_015186710.1	XP_029048891.1
OG0006115	XP_015176631.1	XP_029034721.1
OG0006116	XP_015180431.1	XP_029041367.1
OG0006117	XP_015183996.1	XP_029043612.1
OG0006118	XP_015172035.1	XP_029038391.1
OG0006119	XP_015180262.1	XP_029046851.1
OG0006120	XP_015176384.1	XP_029043340.1
OG0006121	XP_015173531.1	XP_029035950.1
OG0006122	XP_015176596.1	XP_029033646.1, XP_029033661.1
OG0006123	XP_015177923.1	XP_029031885.1
OG0006124	XP_015190932.1	XP_029052538.1
OG0006125	XP_015172043.1	XP_029032345.1
OG0006126	XP_015184186.1	XP_029049851.1
OG0006127	XP_015172510.1	XP_029032445.1
OG0006128	XP_015187475.1	XP_029050364.1
OG0006130	XP_015188480.1	XP_029051231.1
OG0006131	XP_015187200.1	XP_029042857.1
OG0006132	XP_015174776.1	XP_029042099.1
OG0006133	XP_015186569.1	XP_029044008.1, XP_029043976.1
OG0006134	XP_015189104.1	XP_029050059.1
OG0006135	XP_015188197.1	XP_029035997.1
OG0006136	XP_015182117.1	XP_029052845.1
OG0006137	XP_015176178.1	XP_029047460.1
OG0006138	XP_015173136.1	XP_029034481.1
OG0006139	XP_015190976.1	XP_029044330.1
OG0006140	XP_015176983.1	XP_029047070.1
OG0006141	XP_015181227.1	XP_029048844.1
OG0006142	XP_015177217.1	XP_029041668.1
OG0006143	XP_015183198.1	XP_029038386.1
OG0006144	XP_015185996.1	XP_029042380.1
OG0006145	XP_015175838.1	XP_029043554.1
OG0006147	XP_015187517.1	XP_029055573.1
OG0006149	XP_015187511.1	XP_029044587.1
OG0006150	XP_015175068.1	XP_029048506.1
OG0006151	XP_015184465.1, XP_015184474.1, XP_015184458.1	XP_029032766.1
OG0006152	XP_015179625.1	XP_029043133.1
OG0006153	XP_015180249.1	XP_029037505.1
OG0006154	XP_015173251.1	XP_029034924.1
OG0006155	XP_015183239.1	XP_029033566.1
OG0006156	XP_015177873.1	XP_029040442.1, XP_029040441.1
OG0006157	XP_015176070.1	XP_029047345.1
OG0006158	XP_015178941.1	XP_029049270.1
OG0006159	XP_015183893.1	XP_029046986.1, XP_029046987.1
OG0006161	XP_015185812.1	XP_029056314.1
OG0006162	XP_015180919.1	XP_029053652.1
OG0006163	XP_015185117.1	XP_029035563.1
OG0006164	XP_015178695.1	XP_029047213.1
OG0006165	XP_015181614.1	XP_029044054.1
OG0006166	XP_015187743.1	XP_029038218.1
OG0006167	XP_015173115.1	XP_029034585.1
OG0006168	XP_015185195.1	XP_029046944.1
OG0006169	XP_015189478.1	XP_029051532.1
OG0006170	XP_015190054.1	XP_029038481.1
OG0006171	XP_015176484.1	XP_029046174.1
OG0006172	XP_015181609.1	XP_029044093.1
OG0006173	XP_015177507.1, XP_015173225.1	XP_029049289.1
OG0006174	XP_015190482.1	XP_029040938.1, XP_029040937.1
OG0006175	XP_015184331.1	XP_029055910.1
OG0006176	XP_015189397.1	XP_029052911.1
OG0006177	XP_015184286.1	XP_029031941.1
OG0006178	XP_015182229.1	XP_029056150.1
OG0006179	XP_015183999.1	XP_029043619.1
OG0006180	XP_015181446.1	XP_029050307.1
OG0006181	XP_015185831.1	XP_029037005.1
OG0006182	XP_015185944.1	XP_029049014.1, XP_029049012.1
OG0006183	XP_015185312.1	XP_029053358.1
OG0006184	XP_015175041.1	XP_029047110.1
OG0006185	XP_015187461.1	XP_029035357.1
OG0006186	XP_015184107.1	XP_029032610.1
OG0006187	XP_015183131.1	XP_029053933.1
OG0006188	XP_015175141.1	XP_029046863.1
OG0006189	XP_015175029.1	XP_029036749.1
OG0006191	XP_015171733.1	XP_029047044.1
OG0006192	XP_015173896.1	XP_029051061.1
OG0006193	XP_015171137.1	XP_029047098.1
OG0006194	XP_015184165.1	XP_029034838.1
OG0006195	XP_015183872.1	XP_029046996.1
OG0006196	XP_015188170.1	XP_029043482.1
OG0006197	XP_015185028.1	XP_029040183.1
OG0006198	XP_015173406.1	XP_029041937.1
OG0006199	XP_015182269.1	XP_029040992.1
OG0006200	XP_015185058.1	XP_029041317.1
OG0006201	XP_015180946.1	XP_029036689.1
OG0006202	XP_015179459.1	XP_029032903.1
OG0006203	XP_015184228.1	XP_029048053.1
OG0006204	XP_015181107.1	XP_029052402.1
OG0006205	XP_015173752.1	XP_029033088.1
OG0006206	XP_015177563.1	XP_029050884.1
OG0006207	XP_015190464.1	XP_029032805.1
OG0006208	XP_015179476.1	XP_029047649.1
OG0006209	XP_015176335.1	XP_029044542.1
OG0006210	XP_015188726.1	XP_029046697.1
OG0006211	XP_015187987.1	XP_029048339.1
OG0006212	XP_015189165.1	XP_029038334.1
OG0006213	XP_015172648.1	XP_029041683.1
OG0006214	XP_015180185.1	XP_029038622.1
OG0006215	XP_015180049.1	XP_029039742.1
OG0006216	XP_015182103.1	XP_029055192.1
OG0006217	XP_015185713.1	XP_029035389.1
OG0006218	XP_015189470.1	XP_029039596.1
OG0006219	XP_015187257.1	XP_029032690.1
OG0006220	XP_015183937.1	XP_029051139.1
OG0006221	XP_015191426.1	XP_029037427.1
OG0006222	XP_015172062.1	XP_029045201.1
OG0006223	XP_015186956.1	XP_029048275.1
OG0006224	XP_015177700.1	XP_029039300.1
OG0006225	XP_015177384.1	XP_029033333.1
OG0006226	XP_015187463.1	XP_029039410.1
OG0006227	XP_015181270.1	XP_029052985.1
OG0006228	XP_015186398.1	XP_029034444.1
OG0006229	XP_015173735.1	XP_029033012.1
OG0006230	XP_015173594.1	XP_029045462.1
OG0006231	XP_015178986.1	XP_029038057.1
OG0006232	XP_015188929.1	XP_029046310.1
OG0006233	XP_015179010.1	XP_029031913.1
OG0006234	XP_015188744.1	XP_029055600.1
OG0006235	XP_015184354.1	XP_029047906.1
OG0006236	XP_015188962.1	XP_029035296.1
OG0006237	XP_015191764.1	XP_029055826.1
OG0006238	XP_015176617.1	XP_029037276.1
OG0006239	XP_015186621.1	XP_029039399.1
OG0006240	XP_015181477.1, XP_015181476.1	XP_029053510.1
OG0006241	XP_015186556.1	XP_029052424.1
OG0006242	XP_015174896.1	XP_029050766.1
OG0006243	XP_015175053.1	XP_029042767.1
OG0006244	XP_015186560.1	XP_029044387.1
OG0006245	XP_015172437.1	XP_029050660.1
OG0006246	XP_015179119.1	XP_029040947.1
OG0006247	XP_015172734.1	XP_029041611.1
OG0006248	XP_015183492.1	XP_029045927.1
OG0006249	XP_015181300.1	XP_029036404.1
OG0006250	XP_015183568.1	XP_029041773.1
OG0006251	XP_015183930.1	XP_029051125.1
OG0006252	XP_015188393.1	XP_029036766.1
OG0006253	XP_015180163.1	XP_029045533.1
OG0006254	XP_015178453.1	XP_029037153.1
OG0006255	XP_015186092.1	XP_029039164.1
OG0006256	XP_015173929.1	XP_029037391.1
OG0006257	XP_015191430.1	XP_029040743.1
OG0006258	XP_015189782.1	XP_029035700.1
OG0006259	XP_015175764.1	XP_029036299.1
OG0006260	XP_015177180.1	XP_029044688.1
OG0006261	XP_015183136.1	XP_029037493.1
OG0006262	XP_015184292.1	XP_029031951.1
OG0006263	XP_015177988.1	XP_029039660.1
OG0006264	XP_015186095.1, XP_015186096.1	XP_029045095.1
OG0006265	XP_015173511.1	XP_029052659.1
OG0006266	XP_015175031.1	XP_029045051.1
OG0006267	XP_015188650.1	XP_029051477.1
OG0006268	XP_015177961.1	XP_029045190.1
OG0006269	XP_015176166.1	XP_029053584.1
OG0006270	XP_015187275.1	XP_029034213.1
OG0006271	XP_015179363.1	XP_029054010.1
OG0006272	XP_015171730.1	XP_029047012.1
OG0006273	XP_015182839.1	XP_029045199.1
OG0006274	XP_015172469.1	XP_029037508.1
OG0006275	XP_015176970.1	XP_029052935.1
OG0006276	XP_015176888.1	XP_029047943.1
OG0006277	XP_015176968.1	XP_029034684.1
OG0006278	XP_015189154.1, XP_015189155.1	XP_029032209.1
OG0006279	XP_015187447.1	XP_029035117.1
OG0006280	XP_015171762.1	XP_029039650.1
OG0006281	XP_015187976.1	XP_029056602.1
OG0006282	XP_015186605.1	XP_029037706.1
OG0006283	XP_015171772.1	XP_029032094.1
OG0006284	XP_015182701.1	XP_029046257.1
OG0006285	XP_015178403.1	XP_029034040.1
OG0006286	XP_015185998.1	XP_029035303.1
OG0006287	XP_015179796.1	XP_029039140.1
OG0006288	XP_015176222.1	XP_029031902.1
OG0006289	XP_015183130.1	XP_029054604.1
OG0006290	XP_015180669.1	XP_029049707.1
OG0006291	XP_015187035.1	XP_029043066.1
OG0006292	XP_015181103.1	XP_029052396.1
OG0006293	XP_015183896.1	XP_029042540.1
OG0006294	XP_015190453.1	XP_029041090.1
OG0006295	XP_015178890.1, XP_015178881.1	XP_029054336.1
OG0006296	XP_015183232.1	XP_029038870.1
OG0006297	XP_015178724.1	XP_029041945.1
OG0006298	XP_015184178.1	XP_029034841.1
OG0006299	XP_015177804.1	XP_029039331.1
OG0006300	XP_015177051.1	XP_029049219.1
OG0006301	XP_015173175.1	XP_029032582.1
OG0006302	XP_015174950.1	XP_029051037.1
OG0006303	XP_015183008.1, XP_015183011.1	XP_029048213.1
OG0006304	XP_015180906.1	XP_029042903.1
OG0006305	XP_015180664.1	XP_029045210.1
OG0006306	XP_015190046.1	XP_029033074.1
OG0006307	XP_015183641.1	XP_029051259.1
OG0006308	XP_015187848.1	XP_029045520.1
OG0006309	XP_015179424.1	XP_029035633.1
OG0006310	XP_015184184.1	XP_029035262.1
OG0006311	XP_015176224.1	XP_029039409.1
OG0006312	XP_015180248.1	XP_029038773.1
OG0006313	XP_015185338.1	XP_029037991.1
OG0006314	XP_015174156.1	XP_029032836.1
OG0006315	XP_015182705.1	XP_029032848.1
OG0006316	XP_015176808.1	XP_029037417.1
OG0006317	XP_015178957.1, XP_015178958.1	XP_029039980.1
OG0006318	XP_015174104.1	XP_029042356.1
OG0006319	XP_015171520.1	XP_029055478.1
OG0006320	XP_015174379.1	XP_029035793.1
OG0006321	XP_015174675.1	XP_029045888.1
OG0006322	XP_015180129.1	XP_029032980.1
OG0006323	XP_015175829.1	XP_029046516.1
OG0006324	XP_015185048.1	XP_029036807.1
OG0006325	XP_015171138.1	XP_029047104.1
OG0006326	XP_015181589.1	XP_029054128.1, XP_029053345.1
OG0006327	XP_015186762.1	XP_029041531.1, XP_029041811.1
OG0006328	XP_015178800.1	XP_029051048.1
OG0006329	XP_015175762.1	XP_029036945.1
OG0006330	XP_015172187.1	XP_029050644.1
OG0006331	XP_015190998.1	XP_029041795.1
OG0006332	XP_015191351.1	XP_029046555.1
OG0006333	XP_015190357.1	XP_029039202.1
OG0006334	XP_015185889.1	XP_029052291.1
OG0006335	XP_015181016.1	XP_029046669.1
OG0006336	XP_015184944.1	XP_029037290.1
OG0006337	XP_015182260.1	XP_029043194.1
OG0006338	XP_015180938.1, XP_015180936.1	XP_029036758.1
OG0006339	XP_015179477.1	XP_029041648.1
OG0006340	XP_015180810.1	XP_029048049.1
OG0006341	XP_015184902.1	XP_029047954.1
OG0006343	XP_015190002.1	XP_029042222.1
OG0006344	XP_015184355.1	XP_029039592.1
OG0006345	XP_015190741.1	XP_029056561.1
OG0006346	XP_015172747.1	XP_029054521.1
OG0006347	XP_015173245.1	XP_029044623.1
OG0006348	XP_015171420.1	XP_029033134.1
OG0006349	XP_015184764.1	XP_029034968.1
OG0006350	XP_015181661.1	XP_029037854.1
OG0006351	XP_015186353.1	XP_029035118.1
OG0006351	XP_015186356.1	XP_029035162.1
OG0006352	XP_015178974.1	XP_029032916.1
OG0006353	XP_015186808.1	XP_029039641.1
OG0006355	XP_015186198.1	XP_029044213.1
OG0006356	XP_015172605.1	XP_029041034.1
OG0006357	XP_015180131.1	XP_029053654.1
OG0006358	XP_015191156.1	XP_029045560.1
OG0006359	XP_015186187.1	XP_029044201.1
OG0006360	XP_015171160.1	XP_029046343.1
OG0006361	XP_015172371.1	XP_029051377.1
OG0006362	XP_015175406.1	XP_029053843.1
OG0006363	XP_015182909.1	XP_029052189.1, XP_029052207.1
OG0006364	XP_015171476.1	XP_029032279.1
OG0006365	XP_015181786.1	XP_029040832.1
OG0006366	XP_015182642.1	XP_029044679.1
OG0006367	XP_015172475.1	XP_029041080.1
OG0006368	XP_015179708.1	XP_029043304.1, XP_029043305.1
OG0006369	XP_015186276.1	XP_029033784.1
OG0006370	XP_015174855.1	XP_029037657.1
OG0006371	XP_015172089.1	XP_029047601.1
OG0006372	XP_015184899.1	XP_029056378.1, XP_029056377.1
OG0006373	XP_015176287.1	XP_029044517.1
OG0006374	XP_015188072.1	XP_029034261.1
OG0006375	XP_015175503.1, XP_015175504.1	XP_029055895.1
OG0006376	XP_015187859.1	XP_029038408.1, XP_029038399.1
OG0006377	XP_015185391.1	XP_029035227.1
OG0006378	XP_015172990.1	XP_029041768.1
OG0006379	XP_015186120.1	XP_029040015.1
OG0006380	XP_015185178.1	XP_029050358.1
OG0006381	XP_015176466.1	XP_029033415.1
OG0006382	XP_015176193.1	XP_029050088.1
OG0006383	XP_015180701.1	XP_029035356.1
OG0006384	XP_015180226.1	XP_029048355.1
OG0006385	XP_015172632.1	XP_029038805.1
OG0006386	XP_015189543.1	XP_029032055.1
OG0006387	XP_015181183.1	XP_029051816.1
OG0006388	XP_015191204.1, XP_015191203.1	XP_029050058.1
OG0006389	XP_015189510.1	XP_029039912.1
OG0006390	XP_015191468.1	XP_029036209.1
OG0006391	XP_015179194.1	XP_029046177.1
OG0006392	XP_015177311.1	XP_029053091.1
OG0006393	XP_015183604.1	XP_029052042.1
OG0006394	XP_015180245.1	XP_029037906.1
OG0006395	XP_015173332.1	XP_029053175.1
OG0006396	XP_015179956.1	XP_029042019.1
OG0006397	XP_015173114.1	XP_029034569.1
OG0006398	XP_015187806.1	XP_029032130.1
OG0006399	XP_015186776.1	XP_029033814.1
OG0006400	XP_015190771.1	XP_029053463.1
OG0006401	XP_015183870.1	XP_029046995.1
OG0006402	XP_015173322.1	XP_029049286.1
OG0006403	XP_015188580.1	XP_029048513.1
OG0006404	XP_015186767.1	XP_029036688.1
OG0006405	XP_015172443.1	XP_029044961.1
OG0006406	XP_015187778.1	XP_029034241.1
OG0006407	XP_015182172.1	XP_029047119.1
OG0006408	XP_015190057.1	XP_029046298.1
OG0006409	XP_015176214.1	XP_029044329.1
OG0006410	XP_015187008.1	XP_029042570.1, XP_029042573.1
OG0006411	XP_015183522.1	XP_029048688.1
OG0006412	XP_015183517.1	XP_029050819.1
OG0006413	XP_015175431.1	XP_029044187.1
OG0006414	XP_015186421.1	XP_029034499.1
OG0006415	XP_015182052.1	XP_029039098.1
OG0006416	XP_015190853.1	XP_029033917.1
OG0006417	XP_015183289.1	XP_029039775.1
OG0006418	XP_015173460.1	XP_029041923.1
OG0006419	XP_015184126.1	XP_029044593.1
OG0006420	XP_015182579.1	XP_029039504.1
OG0006421	XP_015183016.1	XP_029047565.1
OG0006423	XP_015190614.1	XP_029034078.1
OG0006424	XP_015190991.1	XP_029045405.1
OG0006425	XP_015176670.1	XP_029035684.1
OG0006426	XP_015175197.1	XP_029049542.1
OG0006427	XP_015184300.1	XP_029042385.1
OG0006428	XP_015175383.1	XP_029034571.1
OG0006429	XP_015187556.1	XP_029038561.1
OG0006430	XP_015176625.1	XP_029043820.1
OG0006431	XP_015190319.1	XP_029040669.1
OG0006432	XP_015174338.1	XP_029054945.1
OG0006433	XP_015175665.1	XP_029036578.1
OG0006434	XP_015184684.1	XP_029041776.1
OG0006435	XP_015185623.1	XP_029041186.1
OG0006437	XP_015176250.1	XP_029049980.1
OG0006438	XP_015174680.1	XP_029045779.1
OG0006439	XP_015174076.1	XP_029050948.1
OG0006440	XP_015179251.1	XP_029043925.1
OG0006441	XP_015188522.1	XP_029050935.1
OG0006442	XP_015186615.1	XP_029037291.1
OG0006443	XP_015185511.1	XP_029035598.1
OG0006444	XP_015179162.1	XP_029032311.1
OG0006445	XP_015189108.1	XP_029050077.1
OG0006446	XP_015181426.1	XP_029040384.1
OG0006447	XP_015177644.1	XP_029042357.1
OG0006448	XP_015191369.1	XP_029040146.1
OG0006449	XP_015171247.1	XP_029041304.1
OG0006450	XP_015186812.1	XP_029040684.1
OG0006451	XP_015174465.1	XP_029041430.1
OG0006452	XP_015186799.1	XP_029054374.1
OG0006453	XP_015186366.1	XP_029035078.1
OG0006454	XP_015182271.1	XP_029050152.1
OG0006455	XP_015181572.1	XP_029049398.1
OG0006456	XP_015187030.1	XP_029043082.1
OG0006457	XP_015187520.1	XP_029049617.1
OG0006459	XP_015183569.1	XP_029043006.1
OG0006460	XP_015174025.1	XP_029045878.1
OG0006462	XP_015176160.1	XP_029034007.1, XP_029034004.1
OG0006463	XP_015186911.1	XP_029040699.1
OG0006464	XP_015188095.1	XP_029048228.1
OG0006465	XP_015185382.1	XP_029038828.1
OG0006466	XP_015174250.1, XP_015174249.1	XP_029041724.1
OG0006467	XP_015171727.1	XP_029053551.1
OG0006468	XP_015180401.1	XP_029035593.1
OG0006469	XP_015180133.1	XP_029038770.1
OG0006470	XP_015190543.1	XP_029039456.1
OG0006471	XP_015180918.1	XP_029044075.1
OG0006472	XP_015185797.1	XP_029054023.1
OG0006473	XP_015182328.1	XP_029032950.1
OG0006474	XP_015173689.1	XP_029036630.1
OG0006475	XP_015190486.1, XP_015190487.1	XP_029037994.1
OG0006476	XP_015187219.1	XP_029040681.1
OG0006477	XP_015191442.1	XP_029052857.1
OG0006478	XP_015188850.1	XP_029034980.1
OG0006480	XP_015180296.1	XP_029048201.1
OG0006481	XP_015190636.1	XP_029055804.1
OG0006482	XP_015172193.1	XP_029038141.1
OG0006483	XP_015187081.1	XP_029054034.1
OG0006484	XP_015183297.1	XP_029034331.1
OG0006485	XP_015171600.1	XP_029050880.1
OG0006486	XP_015189406.1	XP_029037042.1
OG0006487	XP_015188418.1	XP_029038505.1
OG0006488	XP_015190575.1	XP_029042492.1
OG0006489	XP_015189568.1	XP_029045155.1
OG0006490	XP_015184318.1	XP_029051723.1
OG0006491	XP_015174364.1	XP_029037849.1, XP_029037850.1
OG0006493	XP_015174674.1	XP_029049984.1
OG0006494	XP_015190085.1	XP_029056529.1
OG0006495	XP_015182699.1	XP_029046237.1
OG0006496	XP_015171280.1	XP_029052332.1
OG0006497	XP_015176990.1	XP_029042391.1
OG0006498	XP_015172172.1	XP_029051033.1
OG0006499	XP_015187986.1	XP_029042770.1
OG0006500	XP_015174134.1	XP_029049880.1
OG0006501	XP_015189995.1	XP_029035767.1
OG0006502	XP_015185917.1	XP_029043267.1
OG0006503	XP_015181145.1	XP_029049939.1
OG0006504	XP_015185796.1	XP_029035587.1
OG0006505	XP_015177342.1	XP_029045132.1
OG0006506	XP_015178853.1	XP_029047251.1
OG0006507	XP_015188513.1	XP_029049492.1
OG0006508	XP_015181081.1	XP_029039769.1
OG0006509	XP_015175870.1	XP_029039567.1
OG0006510	XP_015178950.1	XP_029032590.1
OG0006511	XP_015181972.1	XP_029050433.1
OG0006512	XP_015179919.1	XP_029050710.1
OG0006513	XP_015180746.1	XP_029050739.1
OG0006514	XP_015186024.1	XP_029050161.1
OG0006515	XP_015181022.1	XP_029044396.1
OG0006516	XP_015171857.1	XP_029046364.1
OG0006517	XP_015176572.1	XP_029033190.1
OG0006518	XP_015185859.1	XP_029050220.1
OG0006519	XP_015185020.1	XP_029052678.1
OG0006520	XP_015183786.1	XP_029049800.1
OG0006521	XP_015176608.1	XP_029054492.1
OG0006522	XP_015190436.1	XP_029032322.1
OG0006523	XP_015174969.1	XP_029038082.1
OG0006524	XP_015180554.1	XP_029038121.1
OG0006525	XP_015180917.1	XP_029043189.1
OG0006526	XP_015175032.1	XP_029046235.1
OG0006527	XP_015175958.1	XP_029032826.1
OG0006528	XP_015175723.1	XP_029053976.1, XP_029053919.1
OG0006529	XP_015184285.1	XP_029031970.1
OG0006530	XP_015184087.1	XP_029032413.1
OG0006531	XP_015178766.1, XP_015178767.1	XP_029033516.1
OG0006532	XP_015186174.1	XP_029040551.1
OG0006533	XP_015175263.1	XP_029042930.1
OG0006534	XP_015186242.1	XP_029051742.1
OG0006535	XP_015178066.1	XP_029053049.1
OG0006536	XP_015185748.1	XP_029042125.1
OG0006537	XP_015173451.1	XP_029051852.1
OG0006538	XP_015182769.1	XP_029040534.1
OG0006539	XP_015184161.1	XP_029044385.1
OG0006540	XP_015190340.1	XP_029048300.1
OG0006541	XP_015180235.1	XP_029047354.1
OG0006542	XP_015175405.1	XP_029050314.1
OG0006543	XP_015181501.1	XP_029038887.1
OG0006544	XP_015171993.1	XP_029048853.1
OG0006545	XP_015177321.1	XP_029047069.1
OG0006547	XP_015172906.1	XP_029033049.1
OG0006549	XP_015179257.1	XP_029043932.1
OG0006550	XP_015172118.1	XP_029038395.1, XP_029038394.1
OG0006551	XP_015173386.1	XP_029040651.1
OG0006552	XP_015179802.1	XP_029039149.1
OG0006553	XP_015188645.1	XP_029037920.1
OG0006554	XP_015184858.1	XP_029041006.1
OG0006555	XP_015180356.1	XP_029052650.1
OG0006556	XP_015182388.1	XP_029046839.1
OG0006557	XP_015173514.1	XP_029050146.1
OG0006558	XP_015175525.1	XP_029040621.1
OG0006559	XP_015189780.1	XP_029033114.1
OG0006560	XP_015184701.1	XP_029037088.1
OG0006561	XP_015173496.1, XP_015173495.1	XP_029035994.1
OG0006562	XP_015176130.1	XP_029044369.1
OG0006563	XP_015190251.1	XP_029050180.1
OG0006565	XP_015171235.1	XP_029042069.1
OG0006566	XP_015186163.1	XP_029031870.1
OG0006568	XP_015191822.1	XP_029032456.1
OG0006570	XP_015171943.1	XP_029055710.1
OG0006571	XP_015190136.1	XP_029032161.1
OG0006572	XP_015178659.1	XP_029039877.1, XP_029039878.1
OG0006573	XP_015189289.1	XP_029055394.1
OG0006574	XP_015190029.1	XP_029043296.1
OG0006575	XP_015175135.1	XP_029049555.1
OG0006576	XP_015180177.1	XP_029043230.1
OG0006577	XP_015187155.1	XP_029032075.1
OG0006578	XP_015179458.1	XP_029045966.1
OG0006579	XP_015189137.1	XP_029049101.1
OG0006580	XP_015173143.1	XP_029034482.1
OG0006581	XP_015188168.1	XP_029039532.1
OG0006582	XP_015173070.1	XP_029048289.1
OG0006583	XP_015188655.1	XP_029032892.1
OG0006584	XP_015191344.1	XP_029056550.1
OG0006585	XP_015180402.1	XP_029048251.1
OG0006586	XP_015178786.1	XP_029033540.1, XP_029033586.1
OG0006587	XP_015174962.1	XP_029043849.1
OG0006588	XP_015175758.1	XP_029038620.1
OG0006589	XP_015187735.1, XP_015187732.1	XP_029037694.1
OG0006590	XP_015178667.1	XP_029056630.1
OG0006591	XP_015189139.1	XP_029043756.1
OG0006592	XP_015176496.1	XP_029034535.1
OG0006593	XP_015174698.1	XP_029046503.1
OG0006594	XP_015184511.1	XP_029036683.1
OG0006595	XP_015182907.1	XP_029035183.1
OG0006596	XP_015174239.1	XP_029033376.1
OG0006597	XP_015171155.1	XP_029032724.1
OG0006598	XP_015186628.1	XP_029053288.1, XP_029053233.1
OG0006599	XP_015172941.1	XP_029045915.1
OG0006600	XP_015174399.1	XP_029056050.1, XP_029056149.1
OG0006601	XP_015184338.1	XP_029039587.1
OG0006602	XP_015171225.1	XP_029040343.1
OG0006603	XP_015173620.1	XP_029033203.1
OG0006604	XP_015185190.1	XP_029046943.1
OG0006605	XP_015175027.1, XP_015175026.1	XP_029051547.1
OG0006606	XP_015181556.1	XP_029049399.1
OG0006607	XP_015183552.1	XP_029052033.1
OG0006608	XP_015179865.1	XP_029048830.1
OG0006609	XP_015190610.1	XP_029055730.1
OG0006610	XP_015173469.1	XP_029041930.1
OG0006611	XP_015191026.1	XP_029053144.1
OG0006612	XP_015183715.1	XP_029051235.1
OG0006614	XP_015178626.1	XP_029056353.1
OG0006615	XP_015173546.1	XP_029043004.1
OG0006616	XP_015177079.1	XP_029049208.1, XP_029049209.1
OG0006617	XP_015181378.1	XP_029032968.1
OG0006618	XP_015186642.1	XP_029040599.1
OG0006619	XP_015184846.1	XP_029037684.1
OG0006621	XP_015184196.1	XP_029050713.1
OG0006622	XP_015187968.1, XP_015187964.1	XP_029036915.1
OG0006623	XP_015177313.1	XP_029047828.1
OG0006624	XP_015190856.1, XP_015190868.1	XP_029037997.1
OG0006625	XP_015190116.1	XP_029041113.1
OG0006626	XP_015181400.1	XP_029037986.1
OG0006627	XP_015184925.1	XP_029047653.1
OG0006628	XP_015190369.1	XP_029035849.1
OG0006629	XP_015181088.1	XP_029046427.1
OG0006630	XP_015173184.1	XP_029046606.1
OG0006631	XP_015183495.1	XP_029044328.1
OG0006632	XP_015188113.1	XP_029054375.1
OG0006633	XP_015185282.1	XP_029041456.1, XP_029041460.1
OG0006634	XP_015178023.1	XP_029048865.1
OG0006635	XP_015185877.1	XP_029036763.1
OG0006636	XP_015179740.1	XP_029042892.1
OG0006638	XP_015183070.1	XP_029039049.1
OG0006639	XP_015180647.1	XP_029043939.1
OG0006640	XP_015179729.1	XP_029042888.1
OG0006641	XP_015180076.1	XP_029044703.1
OG0006642	XP_015182017.1	XP_029055628.1
OG0006643	XP_015174116.1, XP_015174115.1	XP_029036735.1
OG0006644	XP_015180001.1	XP_029032994.1
OG0006645	XP_015186804.1	XP_029040439.1
OG0006646	XP_015180237.1	XP_029054448.1
OG0006647	XP_015178151.1	XP_029042182.1
OG0006648	XP_015177082.1	XP_029049204.1
OG0006649	XP_015174926.1	XP_029051006.1
OG0006650	XP_015177002.1	XP_029034681.1
OG0006651	XP_015172199.1	XP_029050688.1
OG0006652	XP_015176488.1	XP_029040728.1
OG0006653	XP_015190828.1	XP_029040392.1
OG0006654	XP_015190565.1, XP_015190566.1	XP_029042491.1
OG0006655	XP_015183234.1	XP_029045955.1
OG0006656	XP_015186107.1	XP_029040011.1
OG0006658	XP_015172656.1	XP_029035175.1
OG0006659	XP_015185733.1	XP_029035655.1
OG0006660	XP_015174319.1	XP_029054730.1
OG0006661	XP_015173257.1	XP_029052109.1
OG0006662	XP_015185043.1	XP_029051229.1
OG0006663	XP_015180645.1	XP_029037566.1
OG0006664	XP_015178744.1	XP_029041227.1
OG0006665	XP_015172368.1	XP_029050640.1
OG0006666	XP_015181398.1	XP_029039393.1
OG0006667	XP_015191800.1	XP_029046988.1
OG0006668	XP_015187340.1	XP_029043774.1, XP_029043657.1
OG0006669	XP_015188651.1	XP_029033406.1
OG0006670	XP_015188617.1	XP_029037912.1
OG0006671	XP_015190944.1	XP_029038053.1
OG0006672	XP_015180326.1	XP_029037758.1
OG0006673	XP_015189789.1	XP_029049790.1, XP_029049788.1
OG0006674	XP_015171928.1	XP_029052780.1
OG0006675	XP_015188242.1	XP_029055979.1
OG0006676	XP_015172685.1	XP_029033811.1, XP_029033812.1
OG0006678	XP_015187629.1	XP_029034522.1
OG0006679	XP_015177788.1, XP_015177789.1	XP_029033874.1
OG0006681	XP_015190405.1	XP_029052125.1
OG0006682	XP_015184910.1	XP_029049349.1
OG0006683	XP_015175477.1	XP_029046405.1
OG0006684	XP_015178462.1	XP_029049177.1
OG0006685	XP_015179503.1	XP_029045990.1
OG0006686	XP_015175608.1	XP_029047640.1
OG0006687	XP_015177809.1	XP_029049261.1
OG0006688	XP_015181587.1	XP_029053343.1
OG0006689	XP_015178649.1	XP_029041454.1
OG0006690	XP_015189150.1	XP_029032948.1
OG0006691	XP_015184890.1	XP_029056365.1
OG0006693	XP_015178541.1	XP_029042717.1
OG0006694	XP_015182740.1, XP_015182741.1, XP_015182739.1	XP_029042705.1
OG0006695	XP_015181536.1	XP_029053282.1
OG0006696	XP_015176087.1	XP_029049179.1
OG0006697	XP_015184045.1	XP_029035331.1
OG0006698	XP_015172588.1, XP_015172589.1	XP_029054005.1, XP_029053983.1
OG0006699	XP_015181174.1	XP_029050992.1
OG0006700	XP_015191596.1	XP_029053401.1
OG0006701	XP_015171825.1	XP_029035974.1
OG0006702	XP_015185550.1	XP_029055950.1
OG0006703	XP_015179700.1	XP_029054114.1
OG0006704	XP_015171599.1	XP_029051978.1
OG0006705	XP_015187680.1	XP_029034365.1
OG0006706	XP_015177006.1	XP_029043809.1, XP_029043811.1
OG0006707	XP_015185271.1	XP_029041347.1
OG0006708	XP_015184696.1	XP_029042221.1
OG0006709	XP_015173427.1, XP_015173428.1	XP_029041874.1
OG0006710	XP_015181383.1	XP_029032898.1
OG0006711	XP_015175797.1	XP_029036554.1
OG0006713	XP_015188727.1	XP_029034552.1
OG0006714	XP_015181744.1	XP_029040841.1
OG0006716	XP_015191014.1	XP_029044332.1
OG0006717	XP_015183388.1	XP_029051203.1
OG0006719	XP_015185236.1	XP_029041408.1
OG0006720	XP_015190479.1, XP_015190478.1, XP_015190477.1	XP_029033933.1
OG0006721	XP_015177798.1	XP_029041679.1
OG0006722	XP_015187908.1	XP_029051565.1
OG0006723	XP_015174009.1	XP_029049498.1
OG0006724	XP_015189284.1, XP_015189291.1	XP_029049628.1
OG0006725	XP_015179193.1	XP_029034939.1, XP_029034938.1
OG0006726	XP_015179670.1	XP_029044506.1
OG0006728	XP_015187001.1	XP_029041639.1
OG0006729	XP_015178923.1	XP_029041658.1
OG0006730	XP_015190551.1	XP_029041391.1
OG0006731	XP_015191494.1	XP_029035485.1
OG0006732	XP_015183526.1	XP_029036159.1
OG0006733	XP_015178313.1	XP_029034061.1
OG0006734	XP_015189168.1	XP_029038351.1
OG0006735	XP_015185968.1	XP_029052672.1
OG0006736	XP_015178409.1, XP_015178408.1	XP_029034055.1
OG0006738	XP_015183099.1	XP_029047572.1
OG0006739	XP_015179500.1, XP_015179498.1	XP_029032044.1
OG0006740	XP_015171707.1, XP_015171706.1	XP_029042096.1
OG0006741	XP_015185123.1	XP_029034704.1
OG0006742	XP_015175481.1	XP_029048365.1
OG0006743	XP_015190726.1	XP_029039497.1
OG0006744	XP_015175889.1, XP_015175880.1	XP_029033081.1, XP_029033913.1, XP_029033442.1
OG0006745	XP_015181211.1	XP_029052778.1
OG0006746	XP_015184289.1	XP_029031943.1
OG0006747	XP_015173325.1	XP_029049283.1
OG0006748	XP_015182672.1	XP_029038521.1
OG0006749	XP_015176159.1	XP_029033905.1
OG0006750	XP_015176074.1	XP_029042342.1
OG0006751	XP_015187391.1	XP_029052354.1
OG0006752	XP_015173131.1	XP_029034656.1
OG0006753	XP_015171634.1	XP_029051883.1
OG0006754	XP_015190869.1	XP_029036730.1
OG0006755	XP_015191821.1	XP_029033231.1
OG0006757	XP_015178666.1	XP_029055870.1
OG0006759	XP_015188721.1	XP_029032869.1
OG0006760	XP_015171358.1	XP_029051619.1
OG0006763	XP_015180881.1	XP_029034282.1
OG0006764	XP_015174930.1	XP_029042759.1, XP_029042761.1
OG0006766	XP_015183152.1	XP_029045452.1
OG0006771	XP_015184815.1	XP_029049627.1
OG0006772	XP_015174725.1	XP_029045085.1
OG0006773	XP_015187941.1	XP_029031915.1
OG0006776	XP_015172336.1	XP_029039379.1
OG0006777	XP_015181916.1	XP_029050386.1, XP_029050387.1
OG0006778	XP_015186053.1	XP_029032450.1, XP_029032448.1, XP_029032449.1
OG0006779	XP_015181176.1	XP_029044871.1
OG0006780	XP_015171875.1	XP_029035961.1
OG0006781	XP_015178039.1	XP_029042162.1
OG0006782	XP_015178061.1	XP_029053039.1
OG0006784	XP_015174754.1, XP_015174753.1	XP_029033085.1
OG0006785	XP_015185059.1	XP_029041326.1, XP_029041325.1
OG0006787	XP_015181598.1	XP_029044802.1, XP_029044803.1, XP_029044804.1
OG0006788	XP_015190923.1	XP_029041387.1
OG0006792	XP_015175606.1	XP_029047637.1
OG0006793	XP_015177256.1	XP_029039521.1
OG0006796	XP_015178585.1	XP_029054784.1, XP_029054523.1
OG0006798	XP_015184302.1	XP_029049447.1
OG0006799	XP_015174140.1	XP_029048016.1
OG0006800	XP_015173624.1	XP_029047225.1
OG0006801	XP_015172981.1	XP_029048539.1
OG0006802	XP_015190490.1	XP_029050946.1
OG0006803	XP_015173986.1	XP_029047248.1
OG0006804	XP_015171054.1	XP_029041033.1
OG0006805	XP_015180725.1	XP_029036111.1
OG0006806	XP_015180804.1	XP_029040973.1
OG0006807	XP_015183226.1	XP_029043492.1
OG0006808	XP_015173503.1	XP_029042917.1
OG0006809	XP_015176374.1	XP_029041833.1
OG0006810	XP_015190018.1	XP_029048392.1
OG0006811	XP_015177934.1	XP_029054203.1
OG0006812	XP_015189298.1	XP_029037586.1
OG0006814	XP_015183751.1	XP_029043391.1
OG0006815	XP_015182001.1	XP_029052826.1
OG0006816	XP_015181755.1	XP_029044857.1
OG0006817	XP_015175426.1	XP_029044189.1
OG0006818	XP_015183945.1	XP_029044661.1
OG0006819	XP_015171747.1	XP_029034232.1
OG0006820	XP_015190621.1	XP_029051557.1
OG0006821	XP_015176765.1	XP_029052455.1
OG0006822	XP_015171512.1	XP_029039654.1
OG0006823	XP_015183086.1	XP_029040933.1, XP_029040942.1
OG0006824	XP_015176928.1	XP_029036492.1
OG0006825	XP_015178222.1	XP_029045445.1
OG0006826	XP_015174951.1	XP_029050976.1
OG0006827	XP_015178753.1	XP_029037454.1
OG0006828	XP_015173223.1	XP_029049290.1
OG0006829	XP_015191101.1	XP_029055673.1
OG0006830	XP_015180954.1	XP_029046218.1
OG0006831	XP_015173399.1	XP_029041779.1
OG0006832	XP_015188010.1	XP_029048302.1
OG0006833	XP_015179658.1	XP_029039158.1
OG0006834	XP_015173107.1	XP_029054774.1
OG0006835	XP_015185801.1	XP_029046845.1
OG0006836	XP_015173152.1	XP_029032146.1
OG0006837	XP_015179372.1	XP_029039465.1, XP_029039466.1, XP_029039464.1
OG0006838	XP_015177609.1	XP_029053500.1
OG0006839	XP_015178735.1	XP_029039181.1
OG0006840	XP_015173238.1	XP_029050011.1
OG0006841	XP_015189270.1	XP_029051923.1
OG0006842	XP_015176885.1	XP_029032191.1
OG0006843	XP_015186926.1	XP_029040095.1
OG0006844	XP_015191165.1	XP_029045686.1
OG0006845	XP_015181513.1	XP_029051505.1
OG0006846	XP_015190784.1	XP_029033063.1
OG0006847	XP_015173695.1	XP_029055385.1
OG0006848	XP_015182887.1	XP_029053989.1
OG0006849	XP_015177686.1	XP_029040219.1
OG0006850	XP_015176507.1	XP_029050872.1
OG0006851	XP_015188805.1	XP_029038054.1
OG0006852	XP_015177209.1	XP_029038454.1
OG0006853	XP_015179628.1	XP_029039041.1
OG0006854	XP_015190708.1	XP_029049993.1
OG0006855	XP_015175557.1	XP_029041962.1
OG0006856	XP_015188294.1	XP_029035823.1, XP_029035824.1
OG0006857	XP_015182904.1	XP_029050747.1
OG0006858	XP_015175589.1	XP_029039630.1
OG0006859	XP_015189642.1	XP_029037567.1
OG0006861	XP_015184801.1	XP_029045354.1
OG0006862	XP_015188774.1	XP_029037193.1
OG0006863	XP_015181523.1	XP_029040560.1
OG0006864	XP_015190183.1	XP_029042312.1
OG0006865	XP_015175051.1	XP_029042754.1
OG0006866	XP_015181765.1	XP_029047756.1
OG0006867	XP_015177895.1	XP_029039288.1
OG0006868	XP_015187305.1	XP_029033743.1
OG0006869	XP_015184639.1	XP_029039392.1
OG0006870	XP_015185149.1	XP_029034665.1
OG0006871	XP_015189446.1	XP_029054408.1
OG0006872	XP_015174417.1	XP_029053926.1
OG0006873	XP_015190355.1	XP_029052314.1
OG0006874	XP_015187348.1	XP_029047136.1
OG0006875	XP_015172560.1	XP_029044051.1
OG0006876	XP_015175496.1	XP_029048570.1
OG0006877	XP_015175984.1	XP_029031903.1
OG0006878	XP_015179927.1	XP_029046591.1
OG0006879	XP_015176879.1	XP_029049989.1
OG0006881	XP_015174968.1	XP_029047916.1
OG0006882	XP_015184819.1	XP_029048728.1
OG0006883	XP_015190670.1	XP_029036681.1
OG0006884	XP_015177155.1	XP_029055075.1
OG0006885	XP_015181939.1	XP_029044855.1
OG0006886	XP_015187408.1	XP_029046755.1
OG0006887	XP_015187918.1	XP_029031844.1
OG0006888	XP_015183150.1	XP_029037689.1
OG0006889	XP_015177350.1	XP_029047843.1
OG0006890	XP_015175482.1	XP_029040047.1
OG0006891	XP_015180434.1	XP_029046704.1
OG0006892	XP_015171461.1	XP_029055482.1
OG0006893	XP_015179926.1	XP_029046586.1
OG0006894	XP_015175576.1	XP_029055871.1
OG0006895	XP_015183006.1	XP_029049633.1
OG0006896	XP_015185276.1	XP_029042140.1
OG0006897	XP_015176248.1	XP_029044441.1
OG0006898	XP_015189275.1	XP_029032883.1
OG0006899	XP_015190778.1	XP_029053470.1
OG0006900	XP_015176952.1	XP_029052468.1
OG0006901	XP_015177780.1	XP_029042193.1
OG0006902	XP_015181899.1	XP_029042634.1
OG0006903	XP_015187120.1	XP_029047599.1
OG0006904	XP_015185717.1	XP_029035718.1
OG0006905	XP_015184929.1	XP_029033982.1
OG0006906	XP_015184521.1	XP_029048701.1
OG0006907	XP_015180156.1	XP_029046339.1
OG0006908	XP_015177892.1	XP_029039299.1
OG0006909	XP_015179623.1	XP_029039069.1
OG0006910	XP_015188732.1	XP_029046694.1
OG0006911	XP_015187558.1	XP_029038476.1
OG0006912	XP_015181641.1	XP_029044756.1
OG0006913	XP_015177825.1	XP_029041159.1
OG0006914	XP_015190727.1	XP_029051713.1
OG0006915	XP_015186393.1	XP_029048802.1
OG0006916	XP_015172898.1	XP_029033039.1
OG0006917	XP_015175696.1	XP_029035390.1
OG0006918	XP_015175767.1	XP_029041323.1
OG0006919	XP_015174168.1	XP_029051026.1
OG0006920	XP_015185849.1	XP_029040404.1
OG0006921	XP_015177546.1	XP_029040803.1
OG0006922	XP_015184174.1	XP_029047740.1
OG0006923	XP_015173201.1	XP_029034459.1
OG0006924	XP_015172557.1	XP_029046754.1
OG0006925	XP_015177615.1	XP_029046500.1
OG0006926	XP_015183805.1	XP_029047328.1
OG0006927	XP_015186950.1	XP_029042585.1
OG0006928	XP_015181998.1	XP_029040965.1
OG0006929	XP_015187514.1	XP_029049602.1
OG0006930	XP_015178557.1	XP_029047945.1
OG0006931	XP_015182280.1	XP_029048431.1
OG0006932	XP_015186633.1	XP_029036877.1
OG0006933	XP_015173569.1	XP_029033015.1
OG0006934	XP_015175562.1	XP_029056114.1, XP_029056112.1
OG0006935	XP_015177560.1	XP_029040748.1
OG0006937	XP_015179502.1	XP_029045988.1
OG0006938	XP_015184774.1	XP_029048003.1
OG0006939	XP_015187616.1	XP_029034534.1
OG0006940	XP_015183752.1	XP_029045385.1
OG0006941	XP_015172143.1	XP_029052148.1
OG0006943	XP_015183845.1	XP_029052418.1
OG0006944	XP_015181341.1	XP_029037119.1
OG0006945	XP_015173991.1	XP_029032178.1
OG0006946	XP_015188016.1	XP_029041463.1
OG0006947	XP_015177185.1	XP_029036326.1
OG0006948	XP_015187679.1, XP_015187678.1	XP_029043349.1
OG0006949	XP_015172067.1	XP_029035476.1
OG0006950	XP_015179121.1	XP_029036701.1
OG0006951	XP_015171424.1	XP_029040238.1
OG0006952	XP_015189773.1	XP_029041096.1
OG0006953	XP_015188290.1	XP_029052582.1
OG0006954	XP_015190678.1	XP_029033962.1
OG0006955	XP_015188344.1	XP_029039851.1
OG0006956	XP_015173151.1	XP_029032383.1
OG0006957	XP_015190495.1	XP_029037908.1
OG0006958	XP_015172145.1	XP_029046594.1
OG0006959	XP_015182487.1, XP_015182486.1	XP_029043963.1
OG0006960	XP_015185163.1	XP_029055532.1
OG0006961	XP_015174064.1	XP_029036909.1
OG0006962	XP_015179542.1	XP_029046324.1
OG0006963	XP_015175955.1, XP_015175956.1	XP_029036416.1
OG0006965	XP_015189128.1	XP_029037571.1
OG0006966	XP_015179301.1	XP_029032512.1
OG0006967	XP_015174218.1	XP_029034118.1
OG0006968	XP_015179350.1	XP_029052499.1
OG0006969	XP_015177950.1	XP_029035158.1
OG0006970	XP_015172713.1	XP_029039183.1
OG0006971	XP_015180838.1	XP_029046809.1
OG0006972	XP_015177475.1	XP_029053430.1
OG0006973	XP_015185474.1	XP_029038241.1
OG0006974	XP_015186441.1	XP_029045346.1
OG0006975	XP_015183712.1	XP_029045383.1
OG0006976	XP_015178915.1	XP_029055438.1
OG0006977	XP_015172309.1, XP_015172298.1	XP_029037411.1
OG0006978	XP_015187072.1	XP_029047409.1
OG0006979	XP_015175409.1	XP_029032198.1
OG0006980	XP_015173024.1	XP_029034651.1
OG0006981	XP_015188229.1	XP_029035257.1
OG0006982	XP_015185480.1	XP_029042693.1
OG0006983	XP_015185193.1	XP_029046946.1
OG0006984	XP_015179597.1	XP_029033909.1
OG0006985	XP_015172882.1	XP_029033767.1
OG0006986	XP_015189190.1	XP_029037863.1
OG0006987	XP_015179712.1	XP_029043118.1
OG0006988	XP_015177957.1	XP_029048753.1
OG0006989	XP_015173533.1	XP_029052692.1
OG0006990	XP_015173187.1	XP_029047556.1
OG0006991	XP_015182783.1	XP_029033723.1
OG0006992	XP_015171598.1	XP_029050906.1
OG0006993	XP_015174360.1	XP_029047456.1
OG0006994	XP_015176446.1	XP_029054886.1
OG0006996	XP_015179697.1	XP_029043444.1
OG0006997	XP_015189607.1	XP_029049924.1
OG0006998	XP_015189662.1	XP_029041392.1
OG0006999	XP_015174164.1	XP_029041713.1
OG0007000	XP_015181241.1	XP_029051813.1
OG0007001	XP_015184168.1	XP_029034848.1
OG0007002	XP_015177838.1	XP_029055411.1
OG0007003	XP_015180995.1	XP_029046457.1
OG0007004	XP_015184746.1	XP_029042944.1
OG0007005	XP_015181343.1	XP_029041187.1
OG0007006	XP_015189376.1	XP_029043888.1
OG0007007	XP_015177694.1	XP_029039301.1
OG0007008	XP_015181110.1	XP_029052393.1
OG0007009	XP_015181087.1	XP_029046413.1
OG0007010	XP_015182178.1	XP_029050470.1
OG0007011	XP_015176972.1	XP_029051457.1
OG0007012	XP_015180363.1	XP_029034736.1
OG0007013	XP_015191633.1	XP_029032122.1
OG0007014	XP_015181283.1	XP_029033768.1
OG0007015	XP_015171773.1	XP_029038176.1
OG0007016	XP_015186133.1	XP_029035592.1
OG0007017	XP_015190437.1	XP_029032321.1
OG0007018	XP_015179944.1	XP_029037422.1
OG0007019	XP_015186104.1	XP_029044249.1
OG0007020	XP_015177430.1	XP_029044411.1
OG0007021	XP_015186293.1	XP_029037253.1
OG0007022	XP_015176212.1	XP_029040737.1
OG0007023	XP_015176940.1	XP_029046049.1
OG0007024	XP_015172714.1	XP_029046354.1
OG0007025	XP_015190366.1	XP_029035846.1
OG0007026	XP_015183600.1	XP_029040545.1
OG0007027	XP_015182187.1	XP_029047125.1
OG0007028	XP_015187474.1	XP_029048779.1
OG0007029	XP_015180480.1	XP_029049761.1
OG0007030	XP_015172462.1	XP_029052166.1
OG0007031	XP_015189442.1	XP_029054364.1
OG0007032	XP_015185981.1	XP_029039888.1
OG0007033	XP_015172695.1	XP_029040863.1
OG0007034	XP_015173349.1, XP_015173348.1	XP_029056391.1
OG0007035	XP_015183711.1	XP_029051917.1
OG0007036	XP_015191783.1	XP_029035182.1
OG0007037	XP_015183929.1	XP_029051152.1, XP_029051150.1
OG0007038	XP_015181743.1	XP_029040834.1
OG0007039	XP_015174532.1	XP_029032731.1
OG0007040	XP_015188919.1	XP_029045625.1
OG0007041	XP_015184102.1	XP_029035282.1
OG0007042	XP_015183063.1	XP_029036390.1
OG0007043	XP_015188574.1	XP_029049002.1
OG0007044	XP_015191448.1	XP_029048860.1
OG0007045	XP_015185174.1	XP_029048651.1
OG0007046	XP_015182335.1	XP_029055811.1
OG0007047	XP_015188622.1	XP_029043476.1
OG0007048	XP_015177262.1	XP_029039518.1
OG0007049	XP_015185320.1	XP_029036256.1
OG0007050	XP_015178994.1	XP_029038058.1
OG0007051	XP_015184193.1	XP_029050711.1
OG0007052	XP_015180009.1	XP_029033003.1
OG0007053	XP_015176646.1	XP_029051762.1
OG0007054	XP_015183397.1	XP_029040072.1
OG0007055	XP_015182660.1	XP_029053661.1
OG0007056	XP_015188841.1	XP_029034687.1
OG0007057	XP_015176628.1	XP_029034716.1
OG0007058	XP_015184695.1	XP_029056524.1
OG0007059	XP_015181173.1	XP_029052410.1
OG0007060	XP_015190260.1	XP_029049089.1
OG0007061	XP_015178689.1	XP_029047208.1
OG0007062	XP_015185677.1	XP_029051721.1
OG0007063	XP_015177086.1	XP_029049206.1
OG0007064	XP_015186278.1	XP_029047348.1
OG0007065	XP_015184922.1	XP_029045799.1
OG0007066	XP_015185829.1	XP_029036984.1
OG0007067	XP_015184192.1	XP_029050723.1
OG0007068	XP_015184343.1	XP_029050814.1
OG0007069	XP_015186758.1	XP_029044955.1
OG0007070	XP_015183196.1	XP_029041481.1
OG0007071	XP_015174430.1	XP_029050335.1
OG0007072	XP_015177697.1	XP_029055441.1
OG0007073	XP_015172464.1	XP_029052167.1
OG0007074	XP_015190663.1	XP_029036546.1
OG0007075	XP_015173330.1	XP_029038552.1
OG0007076	XP_015173202.1	XP_029034460.1
OG0007077	XP_015185089.1	XP_029036816.1
OG0007078	XP_015176333.1	XP_029035017.1
OG0007079	XP_015180212.1	XP_029038619.1
OG0007080	XP_015172335.1	XP_029041918.1
OG0007081	XP_015178841.1	XP_029041192.1
OG0007082	XP_015182138.1	XP_029039920.1
OG0007083	XP_015181330.1	XP_029040721.1
OG0007084	XP_015177171.1	XP_029054543.1
OG0007085	XP_015176688.1	XP_029042773.1, XP_029043081.1
OG0007086	XP_015187519.1	XP_029051894.1
OG0007087	XP_015181305.1	XP_029041498.1
OG0007088	XP_015186103.1	XP_029044254.1
OG0007089	XP_015172566.1	XP_029040720.1
OG0007090	XP_015191715.1	XP_029032575.1
OG0007091	XP_015176855.1	XP_029052709.1
OG0007092	XP_015180157.1	XP_029049882.1
OG0007093	XP_015177474.1, XP_015177472.1	XP_029036640.1
OG0007094	XP_015180592.1	XP_029052882.1
OG0007095	XP_015184635.1	XP_029032384.1
OG0007096	XP_015188772.1	XP_029037184.1
OG0007097	XP_015188852.1	XP_029049974.1
OG0007098	XP_015176877.1	XP_029049510.1
OG0007099	XP_015183627.1	XP_029046780.1
OG0007100	XP_015184648.1	XP_029047020.1
OG0007101	XP_015175382.1	XP_029036450.1
OG0007102	XP_015182428.1	XP_029052713.1
OG0007103	XP_015175239.1	XP_029046204.1
OG0007104	XP_015175542.1	XP_029041077.1
OG0007105	XP_015189569.1	XP_029052512.1
OG0007106	XP_015191820.1	XP_029044480.1, XP_029044359.1
OG0007107	XP_015185850.1	XP_029040148.1
OG0007108	XP_015187123.1	XP_029031914.1
OG0007109	XP_015172845.1	XP_029048636.1
OG0007110	XP_015176499.1	XP_029046566.1
OG0007111	XP_015186025.1	XP_029037199.1
OG0007112	XP_015189120.1	XP_029037136.1
OG0007113	XP_015181434.1	XP_029037892.1
OG0007114	XP_015174415.1	XP_029037174.1
OG0007115	XP_015177249.1	XP_029044221.1
OG0007116	XP_015173019.1	XP_029033900.1
OG0007117	XP_015186592.1	XP_029038979.1
OG0007118	XP_015178098.1	XP_029048943.1
OG0007119	XP_015176216.1	XP_029038470.1
OG0007120	XP_015179086.1	XP_029039476.1
OG0007121	XP_015183658.1	XP_029034598.1
OG0007122	XP_015174947.1	XP_029053004.1
OG0007123	XP_015181047.1	XP_029046246.1
OG0007124	XP_015176834.1	XP_029045554.1
OG0007125	XP_015183385.1	XP_029034355.1
OG0007126	XP_015173763.1	XP_029033211.1
OG0007127	XP_015180787.1	XP_029051195.1
OG0007128	XP_015190420.1	XP_029037858.1
OG0007129	XP_015182671.1	XP_029039584.1
OG0007130	XP_015181039.1	XP_029046338.1
OG0007131	XP_015180353.1	XP_029032255.1
OG0007132	XP_015179620.1	XP_029043311.1
OG0007134	XP_015182250.1	XP_029056514.1
OG0007135	XP_015180239.1	XP_029032990.1
OG0007136	XP_015172905.1	XP_029044377.1
OG0007137	XP_015172174.1	XP_029037563.1
OG0007138	XP_015191024.1	XP_029037809.1
OG0007139	XP_015177799.1	XP_029049266.1
OG0007140	XP_015191514.1	XP_029037445.1
OG0007141	XP_015181106.1	XP_029045020.1
OG0007142	XP_015188318.1	XP_029055376.1
OG0007143	XP_015179582.1	XP_029043306.1
OG0007144	XP_015179249.1	XP_029038906.1
OG0007145	XP_015184536.1	XP_029032770.1
OG0007146	XP_015176266.1	XP_029034992.1
OG0007147	XP_015173398.1	XP_029041777.1
OG0007148	XP_015175505.1	XP_029055905.1
OG0007149	XP_015187336.1	XP_029051932.1
OG0007150	XP_015174673.1	XP_029049985.1
OG0007151	XP_015173538.1	XP_029048804.1
OG0007152	XP_015177114.1	XP_029049687.1
OG0007153	XP_015183138.1	XP_029054603.1
OG0007154	XP_015188907.1	XP_029048859.1
OG0007155	XP_015180450.1	XP_029050967.1
OG0007156	XP_015182953.1	XP_029051272.1
OG0007157	XP_015176145.1	XP_029033976.1
OG0007158	XP_015181120.1	XP_029055397.1
OG0007159	XP_015177706.1	XP_029043795.1
OG0007160	XP_015180205.1	XP_029043567.1
OG0007161	XP_015173237.1	XP_029050000.1
OG0007162	XP_015179185.1	XP_029037400.1
OG0007163	XP_015181950.1, XP_015181951.1	XP_029050443.1
OG0007164	XP_015189659.1	XP_029053589.1
OG0007165	XP_015175021.1	XP_029051521.1
OG0007166	XP_015173924.1	XP_029044631.1
OG0007168	XP_015173691.1	XP_029033031.1
OG0007169	XP_015173990.1	XP_029032252.1
OG0007170	XP_015184047.1	XP_029035332.1
OG0007171	XP_015181433.1	XP_029037891.1
OG0007172	XP_015186908.1	XP_029046960.1
OG0007173	XP_015189121.1	XP_029037137.1
OG0007174	XP_015180400.1	XP_029048250.1
OG0007175	XP_015190602.1	XP_029036668.1
OG0007176	XP_015179593.1	XP_029039034.1
OG0007177	XP_015176800.1	XP_029040032.1
OG0007178	XP_015171931.1	XP_029035872.1
OG0007179	XP_015178253.1	XP_029048961.1
OG0007180	XP_015175519.1	XP_029040601.1
OG0007181	XP_015173981.1	XP_029045879.1
OG0007182	XP_015182708.1	XP_029032863.1
OG0007183	XP_015174752.1	XP_029052670.1
OG0007184	XP_015171807.1	XP_029038187.1
OG0007185	XP_015175787.1	XP_029041318.1
OG0007186	XP_015176487.1	XP_029050256.1
OG0007187	XP_015177701.1	XP_029054139.1
OG0007188	XP_015191544.1	XP_029037360.1
OG0007189	XP_015181074.1	XP_029032538.1
OG0007190	XP_015182867.1	XP_029055461.1
OG0007191	XP_015190764.1	XP_029040713.1
OG0007192	XP_015171130.1	XP_029047054.1
OG0007194	XP_015189288.1	XP_029052413.1
OG0007195	XP_015188771.1	XP_029037181.1
OG0007196	XP_015190000.1	XP_029054205.1
OG0007197	XP_015172087.1	XP_029036538.1
OG0007198	XP_015173858.1	XP_029045204.1
OG0007200	XP_015186056.1	XP_029040081.1
OG0007201	XP_015179939.1	XP_029046494.1
OG0007202	XP_015187105.1	XP_029043065.1
OG0007203	XP_015174793.1	XP_029045069.1
OG0007205	XP_015177813.1	XP_029035669.1
OG0007206	XP_015174421.1	XP_029038730.1
OG0007207	XP_015181431.1	XP_029037980.1, XP_029037981.1
OG0007208	XP_015184932.1	XP_029041262.1
OG0007209	XP_015182038.1	XP_029050378.1
OG0007210	XP_015173301.1	XP_029031890.1
OG0007211	XP_015186627.1	XP_029053394.1, XP_029053176.1
OG0007212	XP_015181046.1	XP_029052522.1
OG0007213	XP_015185724.1	XP_029033827.1
OG0007214	XP_015171945.1	XP_029055712.1
OG0007216	XP_015187488.1	XP_029044290.1
OG0007217	XP_015174449.1	XP_029038342.1
OG0007218	XP_015175282.1	XP_029036448.1
OG0007220	XP_015185204.1	XP_029048656.1
OG0007221	XP_015183241.1	XP_029045693.1
OG0007222	XP_015182274.1	XP_029040993.1
OG0007223	XP_015189055.1	XP_029053934.1
OG0007225	XP_015187569.1	XP_029038549.1
OG0007226	XP_015171043.1	XP_029050551.1
OG0007227	XP_015186091.1	XP_029054779.1
OG0007228	XP_015190969.1	XP_029042516.1
OG0007229	XP_015191229.1	XP_029032505.1
OG0007230	XP_015186256.1	XP_029047155.1
OG0007231	XP_015184301.1	XP_029032101.1
OG0007232	XP_015188986.1	XP_029044367.1
OG0007233	XP_015179332.1	XP_029054363.1
OG0007234	XP_015191744.1	XP_029045813.1
OG0007235	XP_015175747.1	XP_029047620.1
OG0007236	XP_015174287.1	XP_029044675.1
OG0007237	XP_015190368.1	XP_029052296.1
OG0007238	XP_015179627.1	XP_029039040.1
OG0007239	XP_015177441.1	XP_029055392.1
OG0007240	XP_015172641.1	XP_029047485.1
OG0007241	XP_015175875.1	XP_029037623.1
OG0007242	XP_015175418.1	XP_029034884.1
OG0007243	XP_015172963.1	XP_029048529.1
OG0007244	XP_015174567.1	XP_029046601.1
OG0007245	XP_015176040.1	XP_029040735.1
OG0007246	XP_015181156.1	XP_029052478.1, XP_029052480.1
OG0007247	XP_015183671.1, XP_015183669.1	XP_029038063.1, XP_029038055.1
OG0007248	XP_015185011.1	XP_029036381.1
OG0007249	XP_015181823.1	XP_029045861.1
OG0007250	XP_015188964.1	XP_029035297.1
OG0007251	XP_015182607.1	XP_029050124.1
OG0007252	XP_015191323.1, XP_015191332.1	XP_029032511.1
OG0007253	XP_015190252.1	XP_029050184.1
OG0007254	XP_015183826.1	XP_029031860.1
OG0007256	XP_015178984.1	XP_029054428.1
OG0007257	XP_015185397.1	XP_029051180.1
OG0007259	XP_015173697.1	XP_029055287.1
OG0007260	XP_015175061.1	XP_029043469.1
OG0007262	XP_015177968.1	XP_029037063.1
OG0007263	XP_015171391.1	XP_029033316.1
OG0007264	XP_015179833.1	XP_029045486.1
OG0007265	XP_015175592.1	XP_029054461.1
OG0007266	XP_015187402.1	XP_029036866.1
OG0007268	XP_015177617.1	XP_029053205.1
OG0007269	XP_015176124.1	XP_029050735.1
OG0007270	XP_015180780.1	XP_029051187.1
OG0007271	XP_015183484.1	XP_029046524.1
OG0007272	XP_015184376.1	XP_029045734.1
OG0007273	XP_015177207.1	XP_029037125.1
OG0007275	XP_015180926.1	XP_029036762.1
OG0007276	XP_015171369.1	XP_029050526.1, XP_029050527.1
OG0007277	XP_015183977.1	XP_029043689.1
OG0007278	XP_015173091.1	XP_029041239.1
OG0007279	XP_015177315.1	XP_029054793.1
OG0007280	XP_015188024.1	XP_029041462.1
OG0007281	XP_015178824.1	XP_029053093.1
OG0007282	XP_015190824.1	XP_029038445.1
OG0007283	XP_015189374.1	XP_029042219.1
OG0007284	XP_015177374.1	XP_029035534.1
OG0007285	XP_015180457.1	XP_029049119.1
OG0007286	XP_015187958.1	XP_029036372.1
OG0007287	XP_015177300.1	XP_029052037.1
OG0007288	XP_015177251.1	XP_029034770.1
OG0007289	XP_015186750.1	XP_029055678.1
OG0007290	XP_015173229.1	XP_029050006.1
OG0007291	XP_015187932.1	XP_029047212.1
OG0007293	XP_015173669.1	XP_029031974.1
OG0007294	XP_015175710.1	XP_029038959.1
OG0007295	XP_015182798.1	XP_029041282.1
OG0007296	XP_015187726.1	XP_029050407.1
OG0007297	XP_015189074.1	XP_029031867.1
OG0007298	XP_015188092.1	XP_029048231.1
OG0007299	XP_015176654.1	XP_029044375.1
OG0007300	XP_015191277.1	XP_029032626.1
OG0007301	XP_015191725.1	XP_029032659.1
OG0007302	XP_015187996.1	XP_029042639.1, XP_029042640.1
OG0007303	XP_015190697.1	XP_029055806.1
OG0007304	XP_015184940.1	XP_029040882.1
OG0007305	XP_015181976.1	XP_029044170.1
OG0007306	XP_015182713.1	XP_029037913.1
OG0007307	XP_015175913.1	XP_029046514.1
OG0007308	XP_015186392.1	XP_029038830.1
OG0007309	XP_015186754.1	XP_029037004.1
OG0007311	XP_015175398.1	XP_029034934.1
OG0007312	XP_015183867.1	XP_029036325.1
OG0007313	XP_015186832.1	XP_029049774.1
OG0007314	XP_015174137.1	XP_029035642.1
OG0007315	XP_015185379.1	XP_029038689.1
OG0007316	XP_015172128.1	XP_029035928.1
OG0007317	XP_015185170.1	XP_029039927.1
OG0007318	XP_015178146.1	XP_029042185.1
OG0007319	XP_015175129.1	XP_029050327.1
OG0007320	XP_015189228.1	XP_029042502.1
OG0007321	XP_015183838.1	XP_029047982.1
OG0007322	XP_015178443.1	XP_029051618.1
OG0007323	XP_015185015.1	XP_029044740.1
OG0007324	XP_015172056.1	XP_029035975.1
OG0007325	XP_015176131.1	XP_029047486.1
OG0007326	XP_015179742.1	XP_029042900.1
OG0007327	XP_015181802.1	XP_029050384.1
OG0007328	XP_015182360.1	XP_029042149.1
OG0007330	XP_015185855.1	XP_029046239.1
OG0007331	XP_015183054.1	XP_029034145.1
OG0007332	XP_015191284.1	XP_029037365.1
OG0007333	XP_015184133.1	XP_029044474.1
OG0007334	XP_015176117.1	XP_029035157.1
OG0007335	XP_015186610.1	XP_029055530.1
OG0007336	XP_015185872.1	XP_029048058.1
OG0007337	XP_015189286.1	XP_029055617.1
OG0007338	XP_015171224.1	XP_029040341.1
OG0007339	XP_015187705.1	XP_029048449.1
OG0007340	XP_015187550.1	XP_029049548.1
OG0007341	XP_015172767.1	XP_029044368.1
OG0007342	XP_015171775.1	XP_029049953.1
OG0007343	XP_015172526.1	XP_029048858.1
OG0007344	XP_015174721.1	XP_029039621.1
OG0007345	XP_015190735.1	XP_029036226.1
OG0007346	XP_015181935.1	XP_029044851.1
OG0007347	XP_015187000.1	XP_029034148.1
OG0007348	XP_015189012.1	XP_029050781.1
OG0007349	XP_015186036.1	XP_029037100.1
OG0007350	XP_015177732.1	XP_029035205.1
OG0007351	XP_015187515.1	XP_029049619.1
OG0007352	XP_015175854.1	XP_029050492.1
OG0007353	XP_015173786.1	XP_029056605.1
OG0007354	XP_015175919.1, XP_015175918.1	XP_029055514.1
OG0007355	XP_015182208.1	XP_029042343.1
OG0007356	XP_015181753.1	XP_029044893.1
OG0007358	XP_015187821.1	XP_029053817.1
OG0007359	XP_015175299.1	XP_029034804.1
OG0007360	XP_015173473.1	XP_029042993.1
OG0007361	XP_015175534.1	XP_029040606.1
OG0007362	XP_015174357.1	XP_029047712.1
OG0007363	XP_015188755.1	XP_029052098.1
OG0007364	XP_015189146.1	XP_029049824.1
OG0007365	XP_015178650.1	XP_029039788.1
OG0007366	XP_015183133.1	XP_029037490.1
OG0007367	XP_015191488.1	XP_029046530.1
OG0007368	XP_015176493.1	XP_029043881.1
OG0007369	XP_015171843.1	XP_029052060.1
OG0007370	XP_015181766.1	XP_029047757.1
OG0007371	XP_015190188.1	XP_029049813.1
OG0007374	XP_015176697.1	XP_029041665.1
OG0007375	XP_015179883.1	XP_029053383.1
OG0007376	XP_015188780.1	XP_029035698.1
OG0007377	XP_015177434.1	XP_029037284.1
OG0007378	XP_015188243.1	XP_029039657.1
OG0007379	XP_015184527.1	XP_029040262.1
OG0007380	XP_015191672.1	XP_029038455.1
OG0007381	XP_015185450.1	XP_029038240.1
OG0007382	XP_015190712.1	XP_029050933.1
OG0007383	XP_015189507.1	XP_029045262.1
OG0007384	XP_015187387.1	XP_029052365.1
OG0007385	XP_015175567.1	XP_029032818.1
OG0007386	XP_015185695.1	XP_029035647.1
OG0007387	XP_015175683.1	XP_029041320.1
OG0007388	XP_015179971.1	XP_029048887.1
OG0007390	XP_015175669.1	XP_029049129.1
OG0007391	XP_015171983.1	XP_029035885.1
OG0007392	XP_015173910.1	XP_029050377.1
OG0007393	XP_015173562.1	XP_029035943.1
OG0007394	XP_015184982.1	XP_029037297.1
OG0007395	XP_015183085.1	XP_029037677.1
OG0007396	XP_015171366.1	XP_029052264.1
OG0007397	XP_015175587.1	XP_029044885.1
OG0007398	XP_015171789.1	XP_029040065.1
OG0007399	XP_015177525.1	XP_029048658.1
OG0007400	XP_015187183.1	XP_029036784.1
OG0007401	XP_015179893.1	XP_029046723.1
OG0007402	XP_015179798.1	XP_029051213.1
OG0007404	XP_015185062.1	XP_029041310.1
OG0007405	XP_015177493.1	XP_029045637.1, XP_029045638.1
OG0007406	XP_015171343.1	XP_029052256.1, XP_029052258.1
OG0007407	XP_015190817.1	XP_029033947.1
OG0007408	XP_015186578.1	XP_029048022.1
OG0007409	XP_015176495.1	XP_029046552.1
OG0007410	XP_015189921.1	XP_029037838.1
OG0007411	XP_015179159.1	XP_029040941.1
OG0007413	XP_015174609.1	XP_029049294.1
OG0007414	XP_015173940.1	XP_029048835.1
OG0007415	XP_015181908.1	XP_029050450.1
OG0007416	XP_015174938.1	XP_029052997.1
OG0007417	XP_015180170.1	XP_029034095.1
OG0007418	XP_015190239.1	XP_029056095.1, XP_029056099.1
OG0007419	XP_015191597.1	XP_029053412.1
OG0007420	XP_015190496.1	XP_029040985.1
OG0007421	XP_015175580.1	XP_029037501.1
OG0007422	XP_015177885.1	XP_029051059.1
OG0007423	XP_015177334.1	XP_029039405.1
OG0007424	XP_015185563.1	XP_029038396.1
OG0007425	XP_015187382.1	XP_029052352.1
OG0007426	XP_015182499.1	XP_029040476.1
OG0007427	XP_015180770.1	XP_029052588.1, XP_029052587.1
OG0007428	XP_015178768.1	XP_029038065.1
OG0007429	XP_015189181.1	XP_029035821.1
OG0007430	XP_015183102.1	XP_029046632.1
OG0007431	XP_015179915.1	XP_029032422.1
OG0007432	XP_015173259.1	XP_029052880.1
OG0007433	XP_015186447.1, XP_015186444.1	XP_029043579.1
OG0007434	XP_015191143.1	XP_029055662.1
OG0007435	XP_015179534.1	XP_029043535.1
OG0007436	XP_015190978.1	XP_029049188.1
OG0007437	XP_015179046.1	XP_029037573.1
OG0007438	XP_015176880.1	XP_029035544.1
OG0007439	XP_015181387.1	XP_029040070.1
OG0007440	XP_015176911.1	XP_029032401.1
OG0007441	XP_015176237.1	XP_029038340.1
OG0007442	XP_015180060.1	XP_029044197.1
OG0007443	XP_015174489.1	XP_029044419.1
OG0007444	XP_015172049.1	XP_029035956.1
OG0007445	XP_015185746.1	XP_029042046.1
OG0007446	XP_015186892.1	XP_029040613.1
OG0007447	XP_015184585.1	XP_029044984.1
OG0007449	XP_015177352.1	XP_029044286.1
OG0007450	XP_015177849.1	XP_029035202.1
OG0007451	XP_015185067.1	XP_029055537.1
OG0007452	XP_015175438.1	XP_029034410.1
OG0007453	XP_015177442.1	XP_029033340.1
OG0007454	XP_015191117.1	XP_029047292.1
OG0007455	XP_015178928.1	XP_029052391.1
OG0007456	XP_015187378.1	XP_029050436.1
OG0007457	XP_015175194.1	XP_029049536.1
OG0007458	XP_015175424.1	XP_029038823.1
OG0007459	XP_015189157.1	XP_029033846.1
OG0007460	XP_015190979.1	XP_029051430.1
OG0007461	XP_015179935.1	XP_029040304.1
OG0007462	XP_015174117.1	XP_029048261.1
OG0007463	XP_015179984.1	XP_029047351.1
OG0007464	XP_015174380.1	XP_029049894.1
OG0007465	XP_015172476.1	XP_029044982.1
OG0007466	XP_015185562.1	XP_029032798.1
OG0007467	XP_015186023.1	XP_029037209.1
OG0007468	XP_015174471.1	XP_029050503.1
OG0007469	XP_015177443.1	XP_029052652.1
OG0007470	XP_015187619.1	XP_029034105.1
OG0007471	XP_015172156.1, XP_015172158.1	XP_029052099.1
OG0007472	XP_015171363.1	XP_029049828.1
OG0007473	XP_015174602.1	XP_029050813.1
OG0007474	XP_015187653.1	XP_029053513.1
OG0007475	XP_015183236.1	XP_029045980.1
OG0007477	XP_015186871.1	XP_029035695.1
OG0007478	XP_015184001.1, XP_015184000.1	XP_029043623.1
OG0007479	XP_015174715.1	XP_029037094.1
OG0007480	XP_015182841.1	XP_029048114.1
OG0007481	XP_015190739.1	XP_029044951.1
OG0007482	XP_015183283.1	XP_029048461.1
OG0007483	XP_015185017.1	XP_029044674.1
OG0007484	XP_015190196.1	XP_029037452.1
OG0007485	XP_015185902.1	XP_029047532.1
OG0007486	XP_015188117.1	XP_029036536.1
OG0007487	XP_015186602.1	XP_029041491.1
OG0007488	XP_015172678.1	XP_029035784.1
OG0007489	XP_015171110.1	XP_029056272.1
OG0007492	XP_015177987.1	XP_029039651.1
OG0007493	XP_015186442.1	XP_029039214.1
OG0007494	XP_015189562.1	XP_029048204.1
OG0007495	XP_015173393.1, XP_015173400.1	XP_029044447.1
OG0007496	XP_015184547.1	XP_029036588.1
OG0007497	XP_015178552.1	XP_029047519.1
OG0007498	XP_015178668.1	XP_029051639.1
OG0007499	XP_015189211.1, XP_015189212.1	XP_029047358.1
OG0007500	XP_015187284.1	XP_029038824.1
OG0007501	XP_015175057.1	XP_029046869.1
OG0007502	XP_015187448.1	XP_029050431.1
OG0007505	XP_015191196.1	XP_029032897.1
OG0007506	XP_015177629.1	XP_029046050.1
OG0007507	XP_015179055.1	XP_029037784.1
OG0007508	XP_015171838.1	XP_029052053.1
OG0007509	XP_015175183.1	XP_029033245.1
OG0007510	XP_015174626.1	XP_029050560.1
OG0007511	XP_015183861.1	XP_029055887.1
OG0007512	XP_015176831.1	XP_029045557.1
OG0007513	XP_015181302.1	XP_029041115.1
OG0007515	XP_015179457.1	XP_029045959.1
OG0007516	XP_015189437.1	XP_029053746.1
OG0007518	XP_015189515.1	XP_029034981.1
OG0007519	XP_015179507.1	XP_029034393.1
OG0007521	XP_015174880.1	XP_029049302.1
OG0007522	XP_015175585.1	XP_029041334.1
OG0007523	XP_015171487.1	XP_029047437.1
OG0007524	XP_015175352.1	XP_029038290.1
OG0007525	XP_015177158.1	XP_029053514.1
OG0007526	XP_015187773.1, XP_015187772.1	XP_029040770.1
OG0007527	XP_015185181.1	XP_029037793.1
OG0007528	XP_015185636.1	XP_029041211.1
OG0007529	XP_015188980.1	XP_029044361.1
OG0007530	XP_015176764.1, XP_015176791.1	XP_029056090.1
OG0007531	XP_015172223.1, XP_015172222.1	XP_029046585.1
OG0007532	XP_015191508.1	XP_029035375.1
OG0007533	XP_015183954.1	XP_029053523.1
OG0007534	XP_015185120.1	XP_029035564.1
OG0007535	XP_015184429.1	XP_029050264.1
OG0007536	XP_015174644.1	XP_029045391.1
OG0007537	XP_015178247.1	XP_029039625.1
OG0007538	XP_015176019.1	XP_029053221.1
OG0007539	XP_015175209.1	XP_029043294.1, XP_029043295.1
OG0007540	XP_015179358.1	XP_029033448.1, XP_029033602.1
OG0007541	XP_015187526.1	XP_029051812.1
OG0007542	XP_015185406.1	XP_029038212.1
OG0007543	XP_015171296.1	XP_029036596.1
OG0007544	XP_015174326.1	XP_029040687.1
OG0007545	XP_015174916.1	XP_029047760.1
OG0007546	XP_015181329.1	XP_029051604.1
OG0007547	XP_015173127.1	XP_029034608.1
OG0007548	XP_015177124.1	XP_029044682.1
OG0007549	XP_015171962.1	XP_029046033.1, XP_029046034.1, XP_029046035.1
OG0007550	XP_015186631.1	XP_029053099.1, XP_029052782.1
OG0007551	XP_015191818.1	XP_029036183.1
OG0007552	XP_015171954.1	XP_029046446.1
OG0007553	XP_015184452.1	XP_029050479.1
OG0007554	XP_015182861.1	XP_029048122.1, XP_029048123.1
OG0007555	XP_015171031.1	XP_029036609.1
OG0007556	XP_015188665.1, XP_015188666.1	XP_029037539.1
OG0007558	XP_015171906.1	XP_029053063.1
OG0007559	XP_015171219.1	XP_029052790.1
OG0007560	XP_015171460.1	XP_029043178.1
OG0007562	XP_015171457.1	XP_029035526.1
OG0007563	XP_015174252.1, XP_015174251.1	XP_029056148.1, XP_029056197.1
OG0007564	XP_015172565.1	XP_029048952.1, XP_029048954.1, XP_029048953.1
OG0007565	XP_015174921.1, XP_015175076.1	XP_029055590.1
OG0007566	XP_015188070.1	XP_029044749.1
OG0007568	XP_015177785.1	XP_029040979.1, XP_029040976.1
OG0007569	XP_015185707.1	XP_029051818.1
OG0007570	XP_015186511.1	XP_029043598.1
OG0007571	XP_015173375.1	XP_029053751.1, XP_029053617.1
OG0007572	XP_015177408.1	XP_029034844.1
OG0007573	XP_015178185.1	XP_029042184.1
OG0007574	XP_015177076.1, XP_015177075.1	XP_029047099.1
OG0007575	XP_015191509.1, XP_015191518.1	XP_029055623.1, XP_029055626.1, XP_029055625.1
OG0007576	XP_015182689.1, XP_015182690.1	XP_029037286.1
OG0007577	XP_015182237.1	XP_029031946.1
OG0007578	XP_015185226.1, XP_015185224.1, XP_015185227.1, XP_015185225.1, XP_015185228.1	XP_029041394.1
OG0007579	XP_015175978.1	XP_029045122.1
OG0007580	XP_015186668.1	XP_029041813.1
OG0007581	XP_015182373.1	XP_029044086.1, XP_029044085.1, XP_029044084.1
OG0007582	XP_015172554.1	XP_029038575.1
OG0007583	XP_015188553.1	XP_029049024.1
OG0007584	XP_015178092.1, XP_015178091.1	XP_029048919.1
OG0007586	XP_015191841.1	XP_029045965.1, XP_029045962.1
OG0007587	XP_015175271.1	XP_029042902.1, XP_029042901.1
OG0007588	XP_015179248.1	XP_029038892.1
OG0007589	XP_015188348.1	XP_029036593.1
OG0007590	XP_015171120.1	XP_029036604.1, XP_029036606.1
OG0007591	XP_015181676.1, XP_015181698.1	XP_029042882.1, XP_029042557.1, XP_029042543.1
OG0007592	XP_015174919.1	XP_029056516.1, XP_029056515.1
OG0007593	XP_015188066.1	XP_029041513.1
OG0007594	XP_015181190.1	XP_029038708.1
OG0007595	XP_015185572.1, XP_015185570.1	XP_029032714.1, XP_029054638.1
OG0007596	XP_015175806.1	XP_029042990.1, XP_029042991.1
OG0007597	XP_015184832.1, XP_015184831.1	XP_029043204.1, XP_029043207.1
OG0007598	XP_015174280.1	XP_029049901.1
OG0007604	XP_015182605.1	XP_029040890.1
OG0007605	XP_015178642.1	XP_029056366.1
OG0007606	XP_015177581.1	XP_029040365.1
OG0007607	XP_015180183.1	XP_029040800.1
OG0007608	XP_015185343.1	XP_029036272.1
OG0007609	XP_015184394.1	XP_029050806.1
OG0007610	XP_015172772.1	XP_029045151.1
OG0007611	XP_015190561.1	XP_029036253.1
OG0007612	XP_015180886.1	XP_029034277.1
OG0007614	XP_015173802.1, XP_015173803.1	XP_029038611.1, XP_029038612.1
OG0007615	XP_015180747.1	XP_029044495.1
OG0007616	XP_015187322.1	XP_029040629.1
OG0007618	XP_015174224.1	XP_029044559.1
OG0007620	XP_015181914.1	XP_029033423.1
OG0007621	XP_015189766.1	XP_029046429.1
OG0007622	XP_015173712.1	XP_029031998.1
OG0007623	XP_015190642.1	XP_029045564.1
OG0007624	XP_015177252.1	XP_029039377.1
OG0007625	XP_015185487.1	XP_029042753.1
OG0007626	XP_015180769.1	XP_029033300.1
OG0007627	XP_015186893.1	XP_029044627.1
OG0007628	XP_015184587.1	XP_029048689.1
OG0007630	XP_015175957.1	XP_029053363.1
OG0007631	XP_015178475.1	XP_029038098.1
OG0007632	XP_015178007.1	XP_029052131.1
OG0007633	XP_015188461.1	XP_029040118.1
OG0007634	XP_015174216.1	XP_029034349.1
OG0007635	XP_015188175.1	XP_029039529.1
OG0007636	XP_015176334.1	XP_029035038.1
OG0007637	XP_015175318.1	XP_029052282.1
OG0007638	XP_015185243.1	XP_029051716.1
OG0007639	XP_015187450.1	XP_029045908.1
OG0007641	XP_015189176.1, XP_015189174.1	XP_029055988.1
OG0007643	XP_015186315.1	XP_029052181.1
OG0007644	XP_015179657.1	XP_029039273.1
OG0007646	XP_015175582.1	XP_029055884.1
OG0007647	XP_015179851.1	XP_029033291.1
OG0007648	XP_015191592.1	XP_029055346.1
OG0007649	XP_015189521.1	XP_029052740.1
OG0007650	XP_015174143.1, XP_015174142.1, XP_015174145.1	XP_029054045.1
OG0007651	XP_015190185.1	XP_029049126.1
OG0007652	XP_015187814.1	XP_029032031.1
OG0007653	XP_015173706.1	XP_029031996.1
OG0007654	XP_015176584.1	XP_029051485.1
OG0007655	XP_015184718.1	XP_029042922.1
OG0007656	XP_015186099.1	XP_029044255.1
OG0007657	XP_015181339.1	XP_029041162.1
OG0007658	XP_015184685.1	XP_029047343.1
OG0007659	XP_015177874.1	XP_029039295.1
OG0007660	XP_015186209.1	XP_029035536.1
OG0007661	XP_015180050.1	XP_029039743.1
OG0007662	XP_015191370.1	XP_029041175.1
OG0007663	XP_015183416.1	XP_029040548.1
OG0007664	XP_015172619.1	XP_029038803.1
OG0007665	XP_015173230.1	XP_029050010.1
OG0007666	XP_015183261.1	XP_029033551.1
OG0007667	XP_015172121.1	XP_029050117.1
OG0007668	XP_015174572.1	XP_029032517.1
OG0007669	XP_015188906.1	XP_029035014.1
OG0007670	XP_015182911.1	XP_029052041.1
OG0007671	XP_015173674.1	XP_029056528.1
OG0007672	XP_015188932.1	XP_029049626.1
OG0007673	XP_015182501.1	XP_029040568.1
OG0007674	XP_015180930.1	XP_029053653.1
OG0007675	XP_015184839.1	XP_029051945.1
OG0007676	XP_015175157.1	XP_029046107.1
OG0007677	XP_015172503.1	XP_029044164.1
OG0007678	XP_015185055.1	XP_029051394.1
OG0007679	XP_015181206.1, XP_015181207.1	XP_029047373.1
OG0007680	XP_015185166.1	XP_029047893.1
OG0007681	XP_015181435.1	XP_029040091.1
OG0007682	XP_015184007.1	XP_029043617.1
OG0007683	XP_015184414.1	XP_029032160.1
OG0007684	XP_015175255.1	XP_029036451.1
OG0007685	XP_015191794.1	XP_029056402.1
OG0007686	XP_015190564.1	XP_029041540.1
OG0007687	XP_015171582.1	XP_029053295.1
OG0007688	XP_015183512.1	XP_029050757.1
OG0007689	XP_015177815.1	XP_029035763.1
OG0007690	XP_015174823.1	XP_029032303.1
OG0007691	XP_015182148.1	XP_029053154.1, XP_029053166.1
OG0007692	XP_015183687.1	XP_029036228.1
OG0007694	XP_015184948.1	XP_029032460.1
OG0007695	XP_015177058.1	XP_029043773.1
OG0007698	XP_015179369.1	XP_029052505.1
OG0007700	XP_015176618.1	XP_029045358.1
OG0007701	XP_015178088.1, XP_015178086.1	XP_029048913.1
OG0007702	XP_015177699.1	XP_029039276.1
OG0007703	XP_015191654.1	XP_029039385.1
OG0007705	XP_015182194.1	XP_029050158.1
OG0007706	XP_015172892.1	XP_029042114.1
OG0007707	XP_015184979.1	XP_029050166.1, XP_029052500.1
OG0007708	XP_015190710.1	XP_029036229.1
OG0007709	XP_015184166.1	XP_029036484.1
OG0007710	XP_015189115.1	XP_029047729.1
OG0007711	XP_015171616.1	XP_029042248.1
OG0007712	XP_015174114.1	XP_029036734.1
OG0007713	XP_015188855.1	XP_029049987.1
OG0007714	XP_015191119.1	XP_029055568.1
OG0007715	XP_015171914.1	XP_029051165.1
OG0007716	XP_015184723.1	XP_029052772.1
OG0007717	XP_015173390.1	XP_029041809.1
OG0007718	XP_015184134.1	XP_029044479.1, XP_029044478.1
OG0007719	XP_015179274.1	XP_029043373.1
OG0007720	XP_015187917.1	XP_029037817.1
OG0007722	XP_015190384.1	XP_029034531.1, XP_029034527.1
OG0007723	XP_015182414.1	XP_029044169.1
OG0007724	XP_015174128.1	XP_029038745.1, XP_029038746.1, XP_029038744.1
OG0007725	XP_015179837.1	XP_029045494.1, XP_029045492.1
OG0007726	XP_015183900.1	XP_029038607.1
OG0007728	XP_015191679.1, XP_015191683.1, XP_015191682.1	XP_029039220.1
OG0007729	XP_015183443.1	XP_029051770.1
OG0007730	XP_015190661.1	XP_029036379.1
OG0007731	XP_015175461.1	XP_029045939.1
OG0007732	XP_015174704.1	XP_029047929.1
OG0007733	XP_015190528.1	XP_029038524.1
OG0007735	XP_015190411.1	XP_029045060.1
OG0007736	XP_015180114.1	XP_029044810.1
OG0007737	XP_015184442.1	XP_029032629.1
OG0007738	XP_015185643.1	XP_029039593.1
OG0007739	XP_015185778.1	XP_029036401.1
OG0007740	XP_015185756.1	XP_029035686.1
OG0007741	XP_015177090.1	XP_029044222.1
OG0007742	XP_015183946.1	XP_029044662.1
OG0007744	XP_015184767.1	XP_029035309.1
OG0007745	XP_015191500.1	XP_029050320.1
OG0007746	XP_015175284.1	XP_029036457.1
OG0007747	XP_015174664.1	XP_029049982.1
OG0007748	XP_015186817.1	XP_029040686.1
OG0007750	XP_015175805.1	XP_029050474.1
OG0007751	XP_015177558.1	XP_029050231.1
OG0007752	XP_015185502.1	XP_029042673.1
OG0007753	XP_015176368.1	XP_029036120.1
OG0007755	XP_015172349.1	XP_029035794.1
OG0007756	XP_015180300.1	XP_029048205.1
OG0007757	XP_015181149.1	XP_029050987.1
OG0007758	XP_015186219.1	XP_029042416.1
OG0007759	XP_015172547.1	XP_029049064.1
OG0007760	XP_015182615.1	XP_029047552.1
OG0007761	XP_015178662.1	XP_029055857.1
OG0007762	XP_015177131.1	XP_029054800.1
OG0007763	XP_015180229.1	XP_029041240.1
OG0007768	XP_015189439.1	XP_029032732.1
OG0007769	XP_015183174.1	XP_029037564.1
OG0007770	XP_015183194.1	XP_029044837.1
OG0007771	XP_015182307.1	XP_029055945.1
OG0007772	XP_015176008.1	XP_029047449.1
OG0007773	XP_015173032.1	XP_029054903.1
OG0007774	XP_015182547.1	XP_029047313.1
OG0007775	XP_015190620.1	XP_029036639.1
OG0007776	XP_015189043.1	XP_029045996.1
OG0007777	XP_015175070.1	XP_029054115.1
OG0007779	XP_015184763.1, XP_015184762.1	XP_029043202.1
OG0007780	XP_015177081.1	XP_029049218.1
OG0007782	XP_015176371.1	XP_029052562.1
OG0007783	XP_015179797.1	XP_029039141.1
OG0007784	XP_015182969.1	XP_029044374.1
OG0007785	XP_015182429.1	XP_029052718.1
OG0007787	XP_015179400.1	XP_029048338.1
OG0007788	XP_015183924.1	XP_029051111.1
OG0007789	XP_015176459.1	XP_029047082.1
OG0007790	XP_015181233.1	XP_029045087.1
OG0007791	XP_015183275.1	XP_029053936.1
OG0007792	XP_015176256.1	XP_029038279.1
OG0007793	XP_015187258.1	XP_029040578.1
OG0007794	XP_015183470.1	XP_029047975.1
OG0007795	XP_015189038.1	XP_029048479.1
OG0007796	XP_015183799.1	XP_029038890.1
OG0007797	XP_015186097.1	XP_029045104.1
OG0007798	XP_015171927.1	XP_029052771.1
OG0007799	XP_015179781.1	XP_029039070.1
OG0007800	XP_015180215.1	XP_029032622.1
OG0007801	XP_015181232.1	XP_029041743.1
OG0007802	XP_015176578.1	XP_029049877.1
OG0007803	XP_015184962.1	XP_029040895.1
OG0007804	XP_015173842.1	XP_029054629.1
OG0007805	XP_015191224.1	XP_029048320.1
OG0007806	XP_015172579.1	XP_029041076.1
OG0007808	XP_015187173.1	XP_029045099.1
OG0007809	XP_015190063.1	XP_029051842.1, XP_029051841.1
OG0007810	XP_015191520.1	XP_029055556.1
OG0007811	XP_015187422.1	XP_029051804.1
OG0007812	XP_015186571.1	XP_029043978.1
OG0007813	XP_015172445.1	XP_029032682.1
OG0007814	XP_015180494.1	XP_029037599.1
OG0007815	XP_015179273.1	XP_029039674.1
OG0007816	XP_015178447.1	XP_029034069.1
OG0007817	XP_015183639.1	XP_029046798.1, XP_029046799.1
OG0007818	XP_015182519.1	XP_029035395.1
OG0007819	XP_015191226.1	XP_029040619.1
OG0007820	XP_015176063.1	XP_029049205.1
OG0007821	XP_015171661.1	XP_029045732.1
OG0007822	XP_015185471.1	XP_029038140.1
OG0007823	XP_015182246.1	XP_029056491.1
OG0007824	XP_015186373.1	XP_029047425.1
OG0007826	XP_015188021.1	XP_029041477.1
OG0007827	XP_015176326.1	XP_029036972.1
OG0007828	XP_015186729.1	XP_029055716.1
OG0007830	XP_015171345.1	XP_029037463.1
OG0007831	XP_015179412.1	XP_029048424.1
OG0007832	XP_015189126.1	XP_029043755.1
OG0007833	XP_015188943.1	XP_029050852.1
OG0007834	XP_015184879.1	XP_029055705.1
OG0007835	XP_015175342.1	XP_029051022.1
OG0007836	XP_015179039.1	XP_029035579.1
OG0007837	XP_015173129.1	XP_029034652.1
OG0007838	XP_015183597.1	XP_029049693.1
OG0007839	XP_015189663.1	XP_029041406.1
OG0007840	XP_015184377.1	XP_029045741.1
OG0007841	XP_015189117.1	XP_029051875.1
OG0007843	XP_015188804.1	XP_029038060.1
OG0007844	XP_015175207.1	XP_029046234.1
OG0007845	XP_015184719.1	XP_029042929.1
OG0007846	XP_015184524.1	XP_029040267.1
OG0007847	XP_015181949.1	XP_029042642.1
OG0007848	XP_015184874.1	XP_029040675.1
OG0007849	XP_015171065.1	XP_029032954.1
OG0007850	XP_015182961.1	XP_029037538.1
OG0007851	XP_015172194.1	XP_029050637.1
OG0007852	XP_015178678.1	XP_029051612.1
OG0007853	XP_015173079.1	XP_029033122.1
OG0007854	XP_015181003.1	XP_029045518.1
OG0007856	XP_015181437.1	XP_029036275.1
OG0007857	XP_015174908.1	XP_029039118.1
OG0007858	XP_015174689.1	XP_029049337.1
OG0007859	XP_015188630.1	XP_029032501.1
OG0007860	XP_015176001.1	XP_029041806.1
OG0007861	XP_015178537.1	XP_029041588.1
OG0007862	XP_015173563.1	XP_029041872.1
OG0007863	XP_015177248.1	XP_029050762.1
OG0007864	XP_015190822.1	XP_029038432.1
OG0007865	XP_015182513.1	XP_029047151.1
OG0007866	XP_015177803.1	XP_029049277.1
OG0007867	XP_015180437.1	XP_029035394.1
OG0007868	XP_015180190.1	XP_029051359.1
OG0007869	XP_015171526.1	XP_029035779.1
OG0007870	XP_015183393.1	XP_029040430.1
OG0007871	XP_015188883.1	XP_029049630.1
OG0007872	XP_015188161.1	XP_029055106.1
OG0007874	XP_015173966.1	XP_029042609.1
OG0007875	XP_015173953.1	XP_029037607.1
OG0007876	XP_015172917.1	XP_029047794.1
OG0007878	XP_015187057.1	XP_029031921.1
OG0007879	XP_015183206.1	XP_029051831.1
OG0007880	XP_015191483.1	XP_029052856.1
OG0007881	XP_015175972.1	XP_029037701.1
OG0007882	XP_015183868.1	XP_029051622.1
OG0007883	XP_015182463.1	XP_029032469.1
OG0007884	XP_015190809.1	XP_029038907.1
OG0007885	XP_015190023.1	XP_029043291.1
OG0007887	XP_015184469.1	XP_029050478.1, XP_029050477.1
OG0007888	XP_015174671.1	XP_029044466.1
OG0007889	XP_015184445.1	XP_029054522.1
OG0007890	XP_015187982.1	XP_029042714.1, XP_029042643.1
OG0007891	XP_015175977.1	XP_029053962.1
OG0007892	XP_015187612.1	XP_029036344.1
OG0007893	XP_015191548.1	XP_029041123.1
OG0007894	XP_015188689.1	XP_029055566.1
OG0007895	XP_015184237.1	XP_029036027.1
OG0007896	XP_015182692.1	XP_029037262.1
OG0007897	XP_015184127.1	XP_029044389.1
OG0007899	XP_015171654.1	XP_029038498.1
OG0007900	XP_015187537.1	XP_029047504.1
OG0007901	XP_015186788.1	XP_029055679.1
OG0007902	XP_015178244.1	XP_029042052.1
OG0007903	XP_015184981.1	XP_029043878.1
OG0007904	XP_015172492.1	XP_029050602.1
OG0007905	XP_015190381.1	XP_029042318.1
OG0007906	XP_015174448.1, XP_015174445.1, XP_015174446.1, XP_015174447.1	XP_029038326.1
OG0007907	XP_015187559.1	XP_029040087.1
OG0007910	XP_015188184.1	XP_029032979.1
OG0007911	XP_015179282.1	XP_029039718.1, XP_029039717.1
OG0007912	XP_015190975.1	XP_029042515.1
OG0007913	XP_015177100.1	XP_029046816.1
OG0007914	XP_015188128.1	XP_029034200.1
OG0007916	XP_015174464.1	XP_029038355.1
OG0007917	XP_015182674.1	XP_029037647.1
OG0007918	XP_015179235.1	XP_029039707.1, XP_029035539.1
OG0007919	XP_015179871.1	XP_029052536.1
OG0007920	XP_015185992.1	XP_029035292.1
OG0007921	XP_015183537.1	XP_029034128.1
OG0007923	XP_015190893.1, XP_015190901.1	XP_029043171.1
OG0007924	XP_015171404.1, XP_015171403.1	XP_029036149.1
OG0007925	XP_015188845.1, XP_015188847.1	XP_029034690.1
OG0007926	XP_015188830.1, XP_015188828.1	XP_029042586.1
OG0007927	XP_015190375.1	XP_029039421.1
OG0007928	XP_015183933.1	XP_029051134.1
OG0007930	XP_015173774.1	XP_029036508.1
OG0007931	XP_015180474.1	XP_029045702.1, XP_029040426.1
OG0007932	XP_015182072.1	XP_029052137.1
OG0007933	XP_015187916.1	XP_029031969.1
OG0007934	XP_015181671.1, XP_015181672.1	XP_029053275.1
OG0007936	XP_015191127.1	XP_029040981.1
OG0007937	XP_015174444.1	XP_029037389.1
OG0007938	XP_015178758.1, XP_015178757.1	XP_029048587.1
OG0007939	XP_015190552.1	XP_029042555.1
OG0007940	XP_015181218.1, XP_015175349.1	XP_029054895.1
OG0007941	XP_015180311.1	XP_029042678.1
OG0007942	XP_015187134.1, XP_015187136.1	XP_029056662.1
OG0007946	XP_015189942.1	XP_029054799.1
OG0007957	XP_015176079.1	XP_029042271.1
OG0007958	XP_015173126.1	XP_029034607.1
OG0007959	XP_015175124.1	XP_029046210.1
OG0007961	XP_015187112.1	XP_029051542.1
OG0007962	XP_015187955.1	XP_029031911.1
OG0007963	XP_015187321.1	XP_029040630.1
OG0007964	XP_015175136.1	XP_029033612.1
OG0007965	XP_015172977.1	XP_029037189.1
OG0007966	XP_015172644.1	XP_029039807.1
OG0007967	XP_015185270.1	XP_029033141.1
OG0007968	XP_015185492.1	XP_029049848.1
OG0007969	XP_015171791.1	XP_029052759.1
OG0007970	XP_015189493.1	XP_029048466.1
OG0007971	XP_015185632.1	XP_029041934.1
OG0007973	XP_015187759.1	XP_029051412.1
OG0007974	XP_015189339.1	XP_029047241.1
OG0007975	XP_015177354.1	XP_029039400.1
OG0007977	XP_015180927.1	XP_029037704.1
OG0007981	XP_015184495.1	XP_029039947.1
OG0007982	XP_015178789.1	XP_029039936.1
OG0007983	XP_015176633.1	XP_029034713.1
OG0007984	XP_015178785.1	XP_029039945.1
OG0007985	XP_015188099.1	XP_029048152.1
OG0007986	XP_015185335.1	XP_029036225.1
OG0007987	XP_015191272.1	XP_029033055.1
OG0007988	XP_015178977.1	XP_029032595.1
OG0007989	XP_015181097.1	XP_029049946.1
OG0007991	XP_015172829.1	XP_029047949.1
OG0007993	XP_015177637.1	XP_029046233.1
OG0007994	XP_015189388.1	XP_029052906.1
OG0007995	XP_015176410.1	XP_029047442.1
OG0007996	XP_015186632.1	XP_029038897.1
OG0007997	XP_015186061.1, XP_015186062.1, XP_015186063.1, XP_015186060.1	XP_029036252.1
OG0007998	XP_015187929.1	XP_029036373.1, XP_029036375.1
OG0007999	XP_015188309.1	XP_029055354.1
OG0008000	XP_015175768.1	XP_029051653.1
OG0008001	XP_015185936.1	XP_029042739.1
OG0008002	XP_015182650.1	XP_029039770.1
OG0008005	XP_015177061.1	XP_029047089.1
OG0008006	XP_015177917.1	XP_029045177.1
OG0008009	XP_015182240.1	XP_029048432.1
OG0008011	XP_015177302.1	XP_029037273.1
OG0008013	XP_015190494.1	XP_029037825.1
OG0008014	XP_015182149.1	XP_029050198.1
OG0008015	XP_015184041.1	XP_029054977.1
OG0008016	XP_015175292.1	XP_029038572.1
OG0008018	XP_015188930.1	XP_029050837.1
OG0008020	XP_015177758.1	XP_029041791.1
OG0008021	XP_015186247.1	XP_029046066.1
OG0008023	XP_015187383.1	XP_029052392.1
OG0008024	XP_015184939.1	XP_029056374.1
OG0008025	XP_015183507.1	XP_029050046.1
OG0008026	XP_015173959.1	XP_029037616.1
OG0008027	XP_015171213.1	XP_029043914.1
OG0008028	XP_015185418.1, XP_015185419.1	XP_029040968.1
OG0008030	XP_015183281.1	XP_029034296.1
OG0008031	XP_015175378.1	XP_029050995.1
OG0008032	XP_015190270.1	XP_029052321.1
OG0008033	XP_015171800.1	XP_029040069.1
OG0008039	XP_015181784.1	XP_029043752.1
OG0008040	XP_015186365.1	XP_029034564.1
OG0008041	XP_015172206.1	XP_029034292.1
OG0008042	XP_015184384.1	XP_029051707.1
OG0008043	XP_015177199.1	XP_029044217.1
OG0008045	XP_015177013.1	XP_029044223.1
OG0008046	XP_015184135.1	XP_029047733.1
OG0008047	XP_015191273.1	XP_029050107.1
OG0008049	XP_015185918.1	XP_029043269.1
OG0008055	XP_015178191.1	XP_029036047.1
OG0008056	XP_015181999.1	XP_029055639.1, XP_029055640.1
OG0008057	XP_015181276.1, XP_015181277.1	XP_029052779.1
OG0008058	XP_015188292.1	XP_029037813.1
OG0008059	XP_015175150.1	XP_029032813.1
OG0008060	XP_015182012.1	XP_029051921.1
OG0008061	XP_015185551.1	XP_029043330.1
OG0008062	XP_015176422.1	XP_029036121.1
OG0008063	XP_015176734.1	XP_029037332.1
OG0008064	XP_015172197.1, XP_015172196.1	XP_029050653.1
OG0008065	XP_015188160.1	XP_029031989.1
OG0008066	XP_015172134.1	XP_029044968.1
OG0008067	XP_015176324.1	XP_029044464.1
OG0008069	XP_015176738.1	XP_029037325.1
OG0008070	XP_015185569.1	XP_029042361.1
OG0008071	XP_015171177.1	XP_029048661.1
OG0008072	XP_015183622.1	XP_029033189.1
OG0008073	XP_015188085.1	XP_029041495.1
OG0008074	XP_015173920.1	XP_029045327.1
OG0008075	XP_015189017.1	XP_029050751.1
OG0008076	XP_015173249.1	XP_029049994.1
OG0008077	XP_015182813.1	XP_029041260.1
OG0008078	XP_015171071.1	XP_029052241.1
OG0008079	XP_015178348.1	XP_029041524.1
OG0008080	XP_015177508.1	XP_029039490.1
OG0008081	XP_015187245.1	XP_029056145.1
OG0008085	XP_015191183.1	XP_029037576.1
OG0008086	XP_015180462.1	XP_029052311.1
OG0008088	XP_015188803.1	XP_029038064.1
OG0008089	XP_015174535.1	XP_029049309.1
OG0008090	XP_015173228.1	XP_029050013.1
OG0008091	XP_015171122.1, XP_015171121.1	XP_029036378.1
OG0008092	XP_015181681.1	XP_029040830.1
OG0008093	XP_015172811.1	XP_029048650.1
OG0008094	XP_015172106.1	XP_029051568.1
OG0008095	XP_015173517.1	XP_029033219.1
OG0008096	XP_015184322.1	XP_029050254.1
OG0008099	XP_015187957.1	XP_029036589.1
OG0008100	XP_015181128.1	XP_029049950.1
OG0008101	XP_015172259.1	XP_029032213.1, XP_029032221.1
OG0008102	XP_015189087.1	XP_029042429.1
OG0008103	XP_015184794.1	XP_029051731.1
OG0008104	XP_015185386.1	XP_029038693.1, XP_029038694.1
OG0008105	XP_015173246.1	XP_029048135.1
OG0008106	XP_015180956.1	XP_029046575.1
OG0008107	XP_015186597.1	XP_029034977.1
OG0008109	XP_015181800.1	XP_029036876.1
OG0008110	XP_015180340.1	XP_029038299.1
OG0008111	XP_015181926.1	XP_029046561.1
OG0008114	XP_015173601.1	XP_029041786.1
OG0008116	XP_015172646.1	XP_029041755.1
OG0008117	XP_015174849.1	XP_029045628.1
OG0008118	XP_015179265.1	XP_029039683.1
OG0008119	XP_015177724.1	XP_029039342.1
OG0008120	XP_015172749.1	XP_029032223.1
OG0008121	XP_015183629.1	XP_029046800.1
OG0008122	XP_015178743.1	XP_029039953.1
OG0008123	XP_015171827.1	XP_029035963.1
OG0008124	XP_015172725.1	XP_029039194.1
OG0008125	XP_015171910.1	XP_029043713.1
OG0008126	XP_015187272.1	XP_029035474.1
OG0008127	XP_015175570.1	XP_029041963.1
OG0008128	XP_015188551.1	XP_029049030.1
OG0008129	XP_015189245.1	XP_029052251.1
OG0008130	XP_015177503.1	XP_029043595.1
OG0008131	XP_015174652.1	XP_029045356.1
OG0008132	XP_015182254.1	XP_029044087.1
OG0008133	XP_015181660.1	XP_029053195.1
OG0008134	XP_015191846.1	XP_029052347.1
OG0008135	XP_015182080.1	XP_029040176.1
OG0008136	XP_015173575.1	XP_029052677.1
OG0008138	XP_015181555.1	XP_029049401.1
OG0008141	XP_015177730.1, XP_015177728.1, XP_015177729.1, XP_015177727.1	XP_029039345.1, XP_029039343.1
OG0008142	XP_015176393.1	XP_029038642.1
OG0008143	XP_015177403.1	XP_029048821.1
OG0008144	XP_015171330.1, XP_015171329.1	XP_029041725.1, XP_029041726.1
OG0008145	XP_015183094.1	XP_029047214.1
OG0008146	XP_015187263.1, XP_015187264.1, XP_015187261.1, XP_015187262.1	XP_029033737.1
OG0008147	XP_015185464.1, XP_015185467.1, XP_015185465.1	XP_029038209.1
OG0008148	XP_015180875.1	XP_029042485.1
OG0008149	XP_015186037.1	XP_029053447.1
OG0008150	XP_015173389.1	XP_029041803.1
OG0008151	XP_015188908.1	XP_029036743.1
OG0008152	XP_015189553.1	XP_029048202.1
OG0008153	XP_015173256.1	XP_029040018.1, XP_029040525.1
OG0008154	XP_015184271.1	XP_029032498.1, XP_029032497.1
OG0008155	XP_015186653.1	XP_029044194.1, XP_029044285.1
OG0008156	XP_015183828.1	XP_029050867.1
OG0008157	XP_015182141.1, XP_015182142.1, XP_015182143.1	XP_029052849.1
OG0008158	XP_015186348.1	XP_029038234.1
OG0008159	XP_015186326.1	XP_029034741.1
OG0008160	XP_015174141.1	XP_029038748.1
OG0008161	XP_015178861.1	XP_029039992.1
OG0008162	XP_015183665.1	XP_029051400.1, XP_029051398.1, XP_029051402.1
OG0008164	XP_015174105.1	XP_029044105.1, XP_029044106.1
OG0008165	XP_015171069.1	XP_029040119.1
OG0008167	XP_015184597.1	XP_029033387.1
OG0008168	XP_015175415.1	XP_029056241.1
OG0008169	XP_015179154.1	XP_029043300.1
OG0008170	XP_015182372.1	XP_029044081.1
OG0008171	XP_015185803.1	XP_029034301.1
OG0008172	XP_015178276.1	XP_029048225.1
OG0008173	XP_015181746.1	XP_029038037.1, XP_029038038.1, XP_029038039.1
OG0008174	XP_015186793.1	XP_029055695.1, XP_029055693.1
OG0008175	XP_015186882.1	XP_029044644.1
OG0008176	XP_015176611.1	XP_029052967.1, XP_029052973.1
OG0008177	XP_015174702.1	XP_029046515.1
OG0008178	XP_015179510.1	XP_029047657.1, XP_029047655.1
OG0008179	XP_015184583.1	XP_029038987.1
OG0008181	XP_015175379.1	XP_029050986.1
OG0008182	XP_015173093.1	XP_029043187.1
OG0008183	XP_015180497.1	XP_029032777.1
OG0008184	XP_015182255.1	XP_029039264.1
OG0008185	XP_015172177.1, XP_015172178.1	XP_029041009.1
OG0008186	XP_015185678.1	XP_029032758.1
OG0008187	XP_015179284.1	XP_029039691.1
OG0008188	XP_015186171.1	XP_029031881.1, XP_029031882.1, XP_029031883.1
OG0008189	XP_015178279.1	XP_029051072.1, XP_029051073.1
OG0008192	XP_015185299.1	XP_029035585.1
OG0008198	XP_015174296.1	XP_029044814.1
OG0008199	XP_015178437.1	XP_029049487.1
OG0008200	XP_015174922.1	XP_029046520.1
OG0008201	XP_015179463.1	XP_029036963.1
OG0008202	XP_015171929.1	XP_029052788.1
OG0008204	XP_015178653.1	XP_029041344.1
OG0008206	XP_015188059.1	XP_029039737.1
OG0008207	XP_015178028.1	XP_029035900.1
OG0008208	XP_015173291.1	XP_029056459.1
OG0008209	XP_015191742.1	XP_029042949.1
OG0008210	XP_015187940.1	XP_029032078.1
OG0008211	XP_015184628.1	XP_029046997.1
OG0008212	XP_015191189.1	XP_029033469.1
OG0008214	XP_015186196.1	XP_029038630.1, XP_029038010.1
OG0008215	XP_015181550.1	XP_029052087.1
OG0008217	XP_015178656.1	XP_029039155.1
OG0008219	XP_015175951.1	XP_029039572.1
OG0008221	XP_015183257.1	XP_029046965.1
OG0008222	XP_015171753.1	XP_029037765.1, XP_029037766.1
OG0008224	XP_015176689.1	XP_029043024.1, XP_029042715.1
OG0008226	XP_015175062.1	XP_029040229.1
OG0008227	XP_015176894.1	XP_029036861.1
OG0008228	XP_015182354.1	XP_029036214.1
OG0008230	XP_015186652.1	XP_029032651.1
OG0008231	XP_015184898.1	XP_029056440.1
OG0008232	XP_015187956.1	XP_029031907.1
OG0008233	XP_015177678.1	XP_029046176.1
OG0008234	XP_015183804.1	XP_029042547.1
OG0008235	XP_015188593.1	XP_029034271.1
OG0008236	XP_015186630.1	XP_029053276.1, XP_029053243.1
OG0008240	XP_015186277.1	XP_029033790.1
OG0008243	XP_015175476.1	XP_029044037.1, XP_029044036.1
OG0008244	XP_015176621.1	XP_029034852.1
OG0008247	XP_015173345.1	XP_029056385.1
OG0008254	XP_015189051.1	XP_029041173.1
OG0008255	XP_015173090.1	XP_029042501.1
OG0008256	XP_015173401.1	XP_029033235.1
OG0008257	XP_015185621.1	XP_029051748.1
OG0008258	XP_015183057.1	XP_029039015.1
OG0008259	XP_015172059.1	XP_029052775.1
OG0008261	XP_015179996.1	XP_029055353.1
OG0008262	XP_015187496.1	XP_029037801.1
OG0008263	XP_015178001.1	XP_029039626.1
OG0008265	XP_015187733.1	XP_029039979.1
OG0008266	XP_015186725.1	XP_029032648.1
OG0008267	XP_015191664.1	XP_029038457.1
OG0008268	XP_015186376.1	XP_029047436.1
OG0008269	XP_015173769.1	XP_029033239.1
OG0008271	XP_015174934.1	XP_029042766.1
OG0008272	XP_015175866.1	XP_029034492.1, XP_029032868.1, XP_029032955.1, XP_029034405.1
OG0008273	XP_015171532.1	XP_029034325.1
OG0008274	XP_015183163.1, XP_015183164.1	XP_029054165.1
OG0008276	XP_015174514.1	XP_029050460.1
OG0008279	XP_015179987.1	XP_029039747.1
OG0008280	XP_015187374.1	XP_029049913.1
OG0008281	XP_015178163.1	XP_029035341.1, XP_029035340.1
OG0008282	XP_015191630.1	XP_029035781.1
OG0008286	XP_015189088.1	XP_029042431.1
OG0008287	XP_015175817.1	XP_029055460.1
OG0008289	XP_015175659.1	XP_029036966.1
OG0008290	XP_015171453.1	XP_029032214.1
OG0008291	XP_015185313.1	XP_029054382.1
OG0008292	XP_015178133.1	XP_029035706.1
OG0008293	XP_015190457.1	XP_029035255.1
OG0008294	XP_015191174.1	XP_029038115.1
OG0008296	XP_015172909.1	XP_029039796.1
OG0008297	XP_015177599.1	XP_029043426.1
OG0008300	XP_015176309.1	XP_029044499.1
OG0008301	XP_015185223.1	XP_029050311.1
OG0008302	XP_015182766.1	XP_029039258.1
OG0008303	XP_015187029.1	XP_029040167.1
OG0008306	XP_015181796.1	XP_029037444.1
OG0008309	XP_015191004.1	XP_029048079.1
OG0008310	XP_015185185.1	XP_029050374.1
OG0008314	XP_015177213.1	XP_029040127.1
OG0008315	XP_015187127.1	XP_029032061.1
OG0008316	XP_015184632.1	XP_029051076.1
OG0008317	XP_015184828.1	XP_029036712.1
OG0008318	XP_015180751.1	XP_029036110.1
OG0008319	XP_015178252.1	XP_029035343.1
OG0008320	XP_015179536.1	XP_029043397.1
OG0008321	XP_015176226.1, XP_015176227.1	XP_029036724.1
OG0008322	XP_015183551.1	XP_029043037.1
OG0008323	XP_015174871.1, XP_015174872.1	XP_029034940.1, XP_029034942.1, XP_029034941.1
OG0008324	XP_015187480.1	XP_029047925.1
OG0008325	XP_015176454.1	XP_029033537.1
OG0008326	XP_015171371.1	XP_029050529.1
OG0008327	XP_015185014.1	XP_029042048.1
OG0008328	XP_015172142.1	XP_029052147.1
OG0008329	XP_015188391.1	XP_029036334.1
OG0008330	XP_015172627.1	XP_029034381.1
OG0008331	XP_015181386.1	XP_029032970.1, XP_029032971.1
OG0008332	XP_015181129.1	XP_029044960.1, XP_029044959.1
OG0008333	XP_015180312.1	XP_029046853.1
OG0008334	XP_015179848.1	XP_029049178.1
OG0008335	XP_015191782.1	XP_029041614.1, XP_029041887.1
OG0008336	XP_015182403.1	XP_029055927.1
OG0008337	XP_015174601.1	XP_029046607.1
OG0008338	XP_015182516.1	XP_029047102.1
OG0008339	XP_015178528.1, XP_015178529.1	XP_029051091.1
OG0008340	XP_015188471.1	XP_029047105.1
OG0008341	XP_015175179.1	XP_029041397.1
OG0008342	XP_015182984.1	XP_029055966.1
OG0008343	XP_015187873.1	XP_029043627.1
OG0008344	XP_015187864.1	XP_029043673.1
OG0008345	XP_015186414.1	XP_029034443.1
OG0008346	XP_015186317.1	XP_029045245.1, XP_029045246.1
OG0008347	XP_015173171.1, XP_015173168.1	XP_029054538.1
OG0008348	XP_015178644.1	XP_029034250.1
OG0008349	XP_015182407.1	XP_029055941.1
OG0008350	XP_015183126.1	XP_029048099.1
OG0008351	XP_015176712.1	XP_029043243.1, XP_029043144.1
OG0008352	XP_015188590.1	XP_029043143.1
OG0008353	XP_015185472.1	XP_029038143.1
OG0008354	XP_015172816.1	XP_029046349.1
OG0008355	XP_015188467.1	XP_029050835.1
OG0008356	XP_015174439.1	XP_029038739.1
OG0008357	XP_015180595.1	XP_029039915.1
OG0008358	XP_015188595.1	XP_029046897.1
OG0008361	XP_015175122.1	XP_029050740.1
OG0008362	XP_015186253.1	XP_029033775.1, XP_029033774.1, XP_029033773.1
OG0008363	XP_015177695.1	XP_029039341.1
OG0008364	XP_015172879.1	XP_029035005.1
OG0008365	XP_015175055.1	XP_029050879.1, XP_029050877.1
OG0008366	XP_015190531.1	XP_029055744.1
OG0008367	XP_015180261.1	XP_029048151.1
OG0008368	XP_015172525.1	XP_029049073.1
OG0008369	XP_015181324.1	XP_029040391.1
OG0008371	XP_015183395.1	XP_029040508.1
OG0008372	XP_015173028.1	XP_029034465.1
OG0008373	XP_015190041.1	XP_029052114.1
OG0008374	XP_015178366.1, XP_015178367.1, XP_015178368.1	XP_029038108.1
OG0008377	XP_015185476.1	XP_029049862.1
OG0008379	XP_015190924.1	XP_029037999.1
OG0008380	XP_015187462.1	XP_029035362.1, XP_029035361.1, XP_029035360.1
OG0008381	XP_015188812.1	XP_029035493.1
OG0008382	XP_015191669.1	XP_029038463.1
OG0008383	XP_015179112.1	XP_029037078.1
OG0008384	XP_015174910.1	XP_029032532.1
OG0008385	XP_015188938.1	XP_029050855.1
OG0008386	XP_015178826.1	XP_029045645.1
OG0008387	XP_015175658.1, XP_015175657.1	XP_029036962.1
OG0008388	XP_015183728.1, XP_015183729.1	XP_029047517.1
OG0008389	XP_015175965.1	XP_029050498.1
OG0008390	XP_015181591.1	XP_029040171.1
OG0008391	XP_015183533.1	XP_029054995.1, XP_029054976.1, XP_029054592.1
OG0008392	XP_015174712.1	XP_029039603.1, XP_029039600.1, XP_029039602.1
OG0008393	XP_015183628.1	XP_029052199.1, XP_029052197.1
OG0008408	XP_015177935.1	XP_029054204.1
OG0008411	XP_015181731.1	XP_029040240.1
OG0008413	XP_015184963.1	XP_029040893.1
OG0008414	XP_015181229.1	XP_029045267.1
OG0008417	XP_015190915.1, XP_015190914.1	XP_029036674.1
OG0008419	XP_015176073.1	XP_029042360.1
OG0008420	XP_015191091.1	XP_029053235.1
OG0008422	XP_015171652.1	XP_029038495.1
OG0008423	XP_015175801.1	XP_029049655.1
OG0008424	XP_015176321.1	XP_029044458.1
OG0008427	XP_015191107.1	XP_029033647.1
OG0008429	XP_015175548.1	XP_029054307.1
OG0008431	XP_015172855.1	XP_029039282.1
OG0008432	XP_015182134.1	XP_029035056.1
OG0008433	XP_015174961.1	XP_029033160.1
OG0008434	XP_015181205.1	XP_029055576.1
OG0008435	XP_015185405.1	XP_029051202.1
OG0008437	XP_015185690.1	XP_029032751.1
OG0008438	XP_015181436.1	XP_029040368.1
OG0008440	XP_015174313.1	XP_029040714.1
OG0008441	XP_015187203.1	XP_029040654.1
OG0008442	XP_015181187.1	XP_029041747.1
OG0008443	XP_015184900.1	XP_029045913.1
OG0008445	XP_015183651.1	XP_029041708.1
OG0008449	XP_015174923.1	XP_029045187.1
OG0008451	XP_015181759.1	XP_029053638.1
OG0008452	XP_015174094.1	XP_029056010.1
OG0008453	XP_015186028.1	XP_029037207.1
OG0008454	XP_015180520.1	XP_029049759.1
OG0008457	XP_015179783.1	XP_029039086.1
OG0008458	XP_015175095.1	XP_029047686.1
OG0008461	XP_015189630.1	XP_029050273.1
OG0008465	XP_015174939.1	XP_029052998.1
OG0008466	XP_015186736.1	XP_029052593.1
OG0008467	XP_015190947.1	XP_029038097.1
OG0008468	XP_015184895.1	XP_029056439.1
OG0008470	XP_015181447.1	XP_029050309.1
OG0008471	XP_015186300.1	XP_029051893.1
OG0008472	XP_015174900.1	XP_029032873.1
OG0008473	XP_015173318.1	XP_029044815.1
OG0008474	XP_015171338.1	XP_029043487.1
OG0008477	XP_015190977.1	XP_029049202.1
OG0008478	XP_015175666.1	XP_029036595.1
OG0008479	XP_015180865.1	XP_029040227.1
OG0008485	XP_015183313.1	XP_029050951.1
OG0008488	XP_015181522.1	XP_029053190.1
OG0008490	XP_015175403.1	XP_029050213.1
OG0008493	XP_015184177.1	XP_029046409.1
OG0008494	XP_015188585.1	XP_029048500.1
OG0008497	XP_015181322.1	XP_029042017.1
OG0008498	XP_015184264.1	XP_029032093.1
OG0008500	XP_015178859.1	XP_029047269.1
OG0008502	XP_015184366.1	XP_029042548.1
OG0008503	XP_015173937.1	XP_029048847.1
OG0008504	XP_015186941.1	XP_029049966.1
OG0008506	XP_015178860.1	XP_029055213.1
OG0008507	XP_015180663.1	XP_029041490.1
OG0008508	XP_015188455.1	XP_029048383.1
OG0008509	XP_015181125.1	XP_029049962.1
OG0008510	XP_015186559.1	XP_029045923.1
OG0008511	XP_015183162.1	XP_029046078.1
OG0008512	XP_015173660.1	XP_029031981.1
OG0008513	XP_015185005.1	XP_029041263.1, XP_029041270.1
OG0008515	XP_015184629.1	XP_029051068.1
OG0008517	XP_015189295.1, XP_015189294.1	XP_029035608.1
OG0008518	XP_015171331.1	XP_029041709.1, XP_029041710.1
OG0008519	XP_015172517.1	XP_029052150.1
OG0008520	XP_015185290.1	XP_029036239.1
OG0008522	XP_015172528.1	XP_029041075.1
OG0008523	XP_015181695.1	XP_029048614.1
OG0008524	XP_015176210.1, XP_015176211.1, XP_015176209.1	XP_029032884.1
OG0008525	XP_015173612.1	XP_029038712.1
OG0008527	XP_015187007.1	XP_029042567.1
OG0008528	XP_015182192.1	XP_029042108.1
OG0008529	XP_015185789.1	XP_029056340.1, XP_029056326.1
OG0008530	XP_015184453.1	XP_029050486.1
OG0008531	XP_015188697.1	XP_029055908.1, XP_029055907.1
OG0008532	XP_015187877.1	XP_029031968.1
OG0008533	XP_015185716.1	XP_029041492.1
OG0008534	XP_015173843.1, XP_015173844.1	XP_029047782.1
OG0008535	XP_015177389.1	XP_029046743.1, XP_029046742.1
OG0008536	XP_015171578.1, XP_015171581.1	XP_029050086.1
OG0008538	XP_015172741.1	XP_029041645.1
OG0008539	XP_015177077.1	XP_029033296.1
OG0008540	XP_015171766.1	XP_029035308.1
OG0008541	XP_015190733.1	XP_029040405.1
OG0008542	XP_015182492.1	XP_029047389.1
OG0008543	XP_015171524.1	XP_029035776.1
OG0008544	XP_015181507.1	XP_029054725.1
OG0008546	XP_015172672.1	XP_029033860.1
OG0008547	XP_015186330.1	XP_029045221.1
OG0008548	XP_015178177.1	XP_029050572.1
OG0008549	XP_015174386.1, XP_015174385.1	XP_029032985.1
OG0008550	XP_015178170.1	XP_029034987.1
OG0008551	XP_015176155.1	XP_029039604.1
OG0008552	XP_015184866.1	XP_029039414.1
OG0008553	XP_015176085.1	XP_029053967.1
OG0008554	XP_015171435.1	XP_029049831.1
OG0008556	XP_015183964.1	XP_029043236.1, XP_029043238.1
OG0008558	XP_015178746.1	XP_029039983.1
OG0008559	XP_015174403.1	XP_029048742.1
OG0008560	XP_015181694.1	XP_029036350.1
OG0008561	XP_015187851.1, XP_015187850.1	XP_029045523.1
OG0008562	XP_015184086.1	XP_029055131.1, XP_029055183.1
OG0008563	XP_015187269.1	XP_029056319.1, XP_029056334.1
OG0008564	XP_015190981.1	XP_029056356.1, XP_029056290.1
OG0008565	XP_015181449.1	XP_029040153.1, XP_029040154.1, XP_029040155.1, XP_029040152.1
OG0008566	XP_015186364.1, XP_015186358.1	XP_029035076.1
OG0008567	XP_015177811.1	XP_029051075.1
OG0008568	XP_015178788.1	XP_029047025.1
OG0008571	XP_015178714.1	XP_029039867.1
OG0008572	XP_015183667.1	XP_029051397.1, XP_029051396.1
OG0008573	XP_015173974.1	XP_029044107.1, XP_029044108.1
OG0008574	XP_015191551.1	XP_029047007.1
OG0008576	XP_015174006.1	XP_029044471.1
OG0008577	XP_015185491.1	XP_029032376.1
OG0008578	XP_015174125.1	XP_029047706.1
OG0008579	XP_015188548.1	XP_029049023.1
OG0008580	XP_015185575.1	XP_029053100.1
OG0008581	XP_015191125.1	XP_029045398.1
OG0008582	XP_015176875.1, XP_015176869.1	XP_029052710.1
OG0008583	XP_015171533.1	XP_029034327.1
OG0008584	XP_015175242.1	XP_029049546.1
OG0008586	XP_015190507.1, XP_015190499.1	XP_029042335.1
OG0008588	XP_015177210.1	XP_029046731.1
OG0008589	XP_015188118.1	XP_029036417.1
OG0008592	XP_015189797.1, XP_015189893.1, XP_015189684.1, XP_015189504.1	XP_029053806.1
OG0008595	XP_015189736.1, XP_015189567.1	XP_029055119.1, XP_029055074.1, XP_029055263.1, XP_029055139.1, XP_029054736.1, XP_029055053.1, XP_029053900.1, XP_029054065.1, XP_029054777.1, XP_029054722.1, XP_029055028.1, XP_029054138.1, XP_029053856.1, XP_029055012.1
OG0008601	XP_015175066.1	XP_029040242.1
OG0008604	XP_015179788.1	XP_029051222.1
OG0008608	XP_015188629.1	XP_029039177.1
OG0008610	XP_015174751.1	XP_029045238.1
OG0008611	XP_015173287.1	XP_029040849.1
OG0008612	XP_015190475.1	XP_029042331.1
OG0008613	XP_015177556.1	XP_029050219.1
OG0008615	XP_015177239.1	XP_029036042.1
OG0008617	XP_015182518.1	XP_029050155.1
OG0008618	XP_015180343.1	XP_029044791.1
OG0008622	XP_015185587.1	XP_029041939.1
OG0008626	XP_015175942.1	XP_029046296.1
OG0008627	XP_015187460.1	XP_029035359.1, XP_029035358.1
OG0008628	XP_015185373.1	XP_029051183.1, XP_029051184.1, XP_029051185.1
OG0008629	XP_015179698.1	XP_029043425.1
OG0008630	XP_015188477.1	XP_029047076.1
OG0008631	XP_015189354.1	XP_029045995.1
OG0008636	XP_015178041.1	XP_029035181.1
OG0008638	XP_015177832.1	XP_029055424.1
OG0008646	XP_015180811.1, XP_015180812.1	XP_029048054.1
OG0008651	XP_015179911.1	XP_029032455.1
OG0008652	XP_015173031.1	XP_029043655.1
OG0008656	XP_015178978.1	XP_029032589.1
OG0008658	XP_015178328.1	XP_029041542.1
OG0008659	XP_015191124.1	XP_029055553.1
OG0008669	XP_015189297.1	XP_029055703.1
OG0008671	XP_015174372.1	XP_029051014.1
OG0008673	XP_015180061.1, XP_015180062.1	XP_029045670.1
OG0008674	XP_015182575.1	XP_029045071.1
OG0008676	XP_015182059.1	XP_029040175.1
OG0008677	XP_015181509.1	XP_029051504.1
OG0008678	XP_015176443.1	XP_029052575.1
OG0008680	XP_015171767.1	XP_029045162.1
OG0008681	XP_015191476.1	XP_029044337.1
OG0008682	XP_015172504.1	XP_029036642.1
OG0008683	XP_015189723.1	XP_029050531.1
OG0008684	XP_015184785.1	XP_029046036.1
OG0008685	XP_015182993.1, XP_015182995.1	XP_029056649.1
OG0008687	XP_015188552.1	XP_029049036.1
OG0008690	XP_015180908.1	XP_029049787.1
OG0008691	XP_015191350.1	XP_029049260.1, XP_029049258.1
OG0008692	XP_015190459.1	XP_029044595.1
OG0008693	XP_015173884.1, XP_015173883.1	XP_029038740.1
OG0008694	XP_015186397.1	XP_029038838.1
OG0008695	XP_015173022.1, XP_015173023.1	XP_029041677.1
OG0008696	XP_015177894.1	XP_029039312.1
OG0008697	XP_015187573.1	XP_029040873.1
OG0008698	XP_015180184.1	XP_029038617.1
OG0008699	XP_015185825.1	XP_029035678.1
OG0008701	XP_015179233.1	XP_029039693.1
OG0008703	XP_015185336.1	XP_029036206.1
OG0008704	XP_015186208.1	XP_029056545.1
OG0008706	XP_015177322.1	XP_029042698.1
OG0008707	XP_015183771.1	XP_029040389.1
OG0008708	XP_015187810.1	XP_029041265.1
OG0008710	XP_015172810.1	XP_029048642.1
OG0008711	XP_015177778.1, XP_015177779.1	XP_029053832.1
OG0008713	XP_015173613.1	XP_029038296.1
OG0008714	XP_015179292.1	XP_029040948.1
OG0008715	XP_015187492.1, XP_015187491.1	XP_029044302.1
OG0008716	XP_015188346.1	XP_029036591.1
OG0008718	XP_015178306.1	XP_029041572.1, XP_029041573.1
OG0008719	XP_015182794.1	XP_029052068.1
OG0008720	XP_015178790.1	XP_029039993.1
OG0008723	XP_015176512.1	XP_029037114.1
OG0008725	XP_015177696.1	XP_029039292.1
OG0008726	XP_015179041.1	XP_029055171.1
OG0008728	XP_015173880.1	XP_029037901.1
OG0008729	XP_015180983.1	XP_029034853.1
OG0008730	XP_015172344.1, XP_015172345.1	XP_029050673.1
OG0008732	XP_015183534.1	XP_029043046.1
OG0008733	XP_015183803.1	XP_029031850.1
OG0008735	XP_015173744.1	XP_029033023.1, XP_029033022.1
OG0008736	XP_015185711.1	XP_029040663.1
OG0008737	XP_015171024.1	XP_029035520.1
OG0008738	XP_015186227.1	XP_029042426.1
OG0008739	XP_015184553.1	XP_029048692.1
OG0008740	XP_015183098.1	XP_029045223.1, XP_029045222.1
OG0008741	XP_015180287.1	XP_029048159.1
OG0008742	XP_015191492.1	XP_029056547.1, XP_029055672.1
OG0008744	XP_015173672.1	XP_029052082.1
OG0008745	XP_015188460.1	XP_029039491.1, XP_029039482.1
OG0008747	XP_015171028.1	XP_029041300.1
OG0008748	XP_015191266.1	XP_029032499.1
OG0008749	XP_015173383.1	XP_029053170.1
OG0008750	XP_015175081.1	XP_029047771.1, XP_029047770.1, XP_029047769.1
OG0008751	XP_015184867.1	XP_029041212.1
OG0008752	XP_015176847.1	XP_029051436.1
OG0008753	XP_015188561.1	XP_029048989.1
OG0008754	XP_015177317.1	XP_029032627.1
OG0008756	XP_015173886.1	XP_029044096.1
OG0008757	XP_015179809.1	XP_029051221.1
OG0008758	XP_015179980.1	XP_029032749.1
OG0008759	XP_015171441.1	XP_029038413.1
OG0008760	XP_015175693.1	XP_029045810.1
OG0008761	XP_015181185.1	XP_029039498.1
OG0008762	XP_015177529.1, XP_015177530.1	XP_029046888.1
OG0008763	XP_015190631.1	XP_029055794.1
OG0008764	XP_015174818.1	XP_029032305.1
OG0008765	XP_015177703.1	XP_029039315.1
OG0008766	XP_015182793.1	XP_029052123.1
OG0008767	XP_015171027.1	XP_029038220.1
OG0008768	XP_015181920.1, XP_015181919.1	XP_029040299.1
OG0008769	XP_015183583.1	XP_029052255.1
OG0008770	XP_015175121.1	XP_029056523.1
OG0008771	XP_015191785.1	XP_029036529.1
OG0008772	XP_015175205.1	XP_029046229.1
OG0008773	XP_015191359.1	XP_029033497.1
OG0008774	XP_015186625.1	XP_029053866.1, XP_029053888.1
OG0008775	XP_015179986.1	XP_029047344.1
OG0008777	XP_015188304.1	XP_029050936.1
OG0008778	XP_015175584.1	XP_029039610.1
OG0008780	XP_015189935.1, XP_015189934.1, XP_015187528.1	XP_029054813.1
OG0008798	XP_015173878.1	XP_029047814.1
OG0008801	XP_015172786.1	XP_029041938.1
OG0008802	XP_015191553.1	XP_029045840.1
OG0008811	XP_015187841.1	XP_029037769.1
OG0008814	XP_015173394.1	XP_029041784.1
OG0008816	XP_015184212.1	XP_029048021.1
OG0008836	XP_015171779.1	XP_029050128.1
OG0008840	XP_015184009.1	XP_029036769.1
OG0008847	XP_015172518.1	XP_029041156.1
OG0008848	XP_015171277.1	XP_029045011.1
OG0008849	XP_015187541.1	XP_029036097.1
OG0008850	XP_015184266.1	XP_029039823.1
OG0008855	XP_015185004.1	XP_029040885.1
OG0008860	XP_015173239.1	XP_029050016.1
OG0008864	XP_015173671.1	XP_029035144.1
OG0008865	XP_015176583.1	XP_029053565.1
OG0008866	XP_015177012.1	XP_029049211.1
OG0008867	XP_015191473.1, XP_015191474.1	XP_029044354.1
OG0008868	XP_015190810.1	XP_029033981.1
OG0008869	XP_015177590.1	XP_029040360.1, XP_029040359.1
OG0008870	XP_015190504.1	XP_029039673.1
OG0008871	XP_015180966.1	XP_029046203.1
OG0008872	XP_015181315.1	XP_029052785.1
OG0008873	XP_015183298.1	XP_029034362.1
OG0008874	XP_015181251.1	XP_029053273.1
OG0008876	XP_015172135.1	XP_029044969.1
OG0008877	XP_015178466.1	XP_029048405.1
OG0008878	XP_015178996.1	XP_029037851.1
OG0008879	XP_015181359.1	XP_029038189.1
OG0008880	XP_015175809.1	XP_029044437.1
OG0008881	XP_015186153.1	XP_029046075.1
OG0008883	XP_015179063.1	XP_029038933.1
OG0008885	XP_015185814.1	XP_029036944.1
OG0008886	XP_015176803.1	XP_029040025.1
OG0008888	XP_015172935.1	XP_029047896.1
OG0008890	XP_015190905.1	XP_029031851.1
OG0008891	XP_015172497.1	XP_029041103.1
OG0008892	XP_015189495.1	XP_029048465.1
OG0008893	XP_015187711.1	XP_029048468.1
OG0008895	XP_015184189.1	XP_029038372.1
OG0008896	XP_015174935.1	XP_029052996.1
OG0008897	XP_015190943.1	XP_029035589.1
OG0008898	XP_015184905.1	XP_029049324.1
OG0008899	XP_015171631.1	XP_029051878.1
OG0008900	XP_015185409.1	XP_029038246.1
OG0008901	XP_015180728.1	XP_029036115.1
OG0008902	XP_015182829.1	XP_029041261.1
OG0008903	XP_015177709.1	XP_029043797.1
OG0008904	XP_015173231.1	XP_029050015.1
OG0008905	XP_015179475.1	XP_029056460.1
OG0008906	XP_015171386.1	XP_029052266.1
OG0008907	XP_015181668.1	XP_029049418.1
OG0008908	XP_015191053.1	XP_029045332.1
OG0008909	XP_015179704.1	XP_029043438.1
OG0008911	XP_015184176.1	XP_029047754.1, XP_029047755.1
OG0008915	XP_015178261.1	XP_029042175.1
OG0008916	XP_015171051.1	XP_029050578.1
OG0008917	XP_015181921.1	XP_029040301.1
OG0008918	XP_015189077.1, XP_015189078.1, XP_015189076.1	XP_029052141.1
OG0008919	XP_015178577.1	XP_029051094.1, XP_029051093.1
OG0008920	XP_015180259.1	XP_029042675.1
OG0008921	XP_015185175.1	XP_029041383.1
OG0008922	XP_015180947.1	XP_029055459.1
OG0008923	XP_015183285.1	XP_029050608.1
OG0008924	XP_015191469.1	XP_029036211.1
OG0008925	XP_015187500.1	XP_029048775.1
OG0008926	XP_015189353.1	XP_029046004.1
OG0008930	XP_015171302.1	XP_029033308.1
OG0008931	XP_015184439.1	XP_029051810.1
OG0008934	XP_015184906.1	XP_029049325.1
OG0008935	XP_015181095.1	XP_029034654.1
OG0008936	XP_015184586.1	XP_029045001.1
OG0008938	XP_015180567.1	XP_029036134.1
OG0008941	XP_015179068.1	XP_029043285.1
OG0008943	XP_015181849.1	XP_029048759.1
OG0008945	XP_015191230.1	XP_029040580.1
OG0008947	XP_015181272.1	XP_029034295.1
OG0008948	XP_015184273.1	XP_029037940.1
OG0008949	XP_015177211.1	XP_029032937.1
OG0008951	XP_015173149.1	XP_029032365.1
OG0008952	XP_015181328.1	XP_029040116.1
OG0008953	XP_015177483.1	XP_029037296.1
OG0008957	XP_015188612.1	XP_029051469.1
OG0008959	XP_015182913.1	XP_029044232.1
OG0008962	XP_015179062.1	XP_029037658.1
OG0008963	XP_015173861.1	XP_029038726.1
OG0008964	XP_015190548.1	XP_029041389.1
OG0008966	XP_015185581.1	XP_029039931.1
OG0008967	XP_015190986.1	XP_029033692.1, XP_029033695.1
OG0008969	XP_015175224.1, XP_015175225.1	XP_029046522.1
OG0008970	XP_015176748.1	XP_029038529.1
OG0008972	XP_015173025.1	XP_029034649.1
OG0008973	XP_015172372.1	XP_029041856.1
OG0008974	XP_015176622.1	XP_029045894.1
OG0008975	XP_015185906.1	XP_029043264.1
OG0008976	XP_015179518.1	XP_029045912.1
OG0008977	XP_015187067.1	XP_029049462.1
OG0008978	XP_015173673.1	XP_029056525.1
OG0008979	XP_015185410.1	XP_029041750.1
OG0008980	XP_015191734.1	XP_029038417.1
OG0008981	XP_015182532.1	XP_029035235.1
OG0008982	XP_015184745.1	XP_029045916.1
OG0008983	XP_015177705.1	XP_029039314.1
OG0008984	XP_015189050.1	XP_029047730.1
OG0008985	XP_015180820.1	XP_029055409.1
OG0008986	XP_015171750.1	XP_029045727.1
OG0008988	XP_015176677.1	XP_029033083.1
OG0008993	XP_015186482.1, XP_015188575.1, XP_015189380.1	XP_029055311.1, XP_029055243.1
OG0009008	XP_015188121.1	XP_029040437.1
OG0009011	XP_015184124.1	XP_029046410.1
OG0009030	XP_015171514.1	XP_029039656.1
OG0009036	XP_015191563.1	XP_029042435.1
OG0009042	XP_015188463.1	XP_029035035.1
OG0009051	XP_015185110.1	XP_029055533.1
OG0009052	XP_015172074.1	XP_029053722.1
OG0009054	XP_015172631.1	XP_029034379.1
OG0009055	XP_015173870.1	XP_029037179.1
OG0009057	XP_015176380.1	XP_029032999.1
OG0009058	XP_015189221.1	XP_029037943.1
OG0009059	XP_015181160.1	XP_029050984.1
OG0009061	XP_015190518.1	XP_029039672.1
OG0009062	XP_015188103.1	XP_029036389.1
OG0009064	XP_015180979.1	XP_029044322.1
OG0009065	XP_015178801.1	XP_029053635.1
OG0009066	XP_015185475.1	XP_029038210.1
OG0009068	XP_015177008.1	XP_029049210.1
OG0009069	XP_015184120.1	XP_029044591.1
OG0009070	XP_015176627.1	XP_029047948.1
OG0009071	XP_015176243.1	XP_029052200.1
OG0009072	XP_015180959.1	XP_029046124.1
OG0009074	XP_015177123.1	XP_029044680.1
OG0009075	XP_015184395.1	XP_029051691.1
OG0009077	XP_015185692.1	XP_029034299.1
OG0009079	XP_015189506.1	XP_029035278.1
OG0009081	XP_015173881.1	XP_029038751.1
OG0009082	XP_015172447.1	XP_029032683.1
OG0009083	XP_015190401.1	XP_029055942.1
OG0009084	XP_015174084.1	XP_029048849.1
OG0009085	XP_015177633.1	XP_029040213.1
OG0009086	XP_015172664.1, XP_015172666.1	XP_029041393.1
OG0009091	XP_015172752.1	XP_029034964.1
OG0009092	XP_015185364.1	XP_029053009.1
OG0009094	XP_015188454.1	XP_029039986.1
OG0009098	XP_015190053.1	XP_029044151.1
OG0009099	XP_015174131.1	XP_029048263.1
OG0009100	XP_015188287.1	XP_029052580.1
OG0009101	XP_015174529.1	XP_029049345.1
OG0009102	XP_015178582.1	XP_029038787.1
OG0009105	XP_015173078.1	XP_029054372.1
OG0009106	XP_015181666.1	XP_029044044.1
OG0009107	XP_015173588.1	XP_029035946.1
OG0009108	XP_015172139.1	XP_029036360.1
OG0009109	XP_015191255.1	XP_029046732.1
OG0009110	XP_015190530.1	XP_029055743.1
OG0009116	XP_015173174.1	XP_029032587.1
OG0009118	XP_015183913.1	XP_029044663.1
OG0009119	XP_015181883.1	XP_029033285.1
OG0009120	XP_015184461.1	XP_029052645.1
OG0009122	XP_015179177.1	XP_029037795.1, XP_029037807.1
OG0009125	XP_015188137.1	XP_029039850.1
OG0009126	XP_015182906.1	XP_029040453.1
OG0009127	XP_015174130.1	XP_029048264.1
OG0009128	XP_015178637.1	XP_029056405.1
OG0009130	XP_015184320.1	XP_029050253.1
OG0009131	XP_015174877.1	XP_029045345.1
OG0009132	XP_015186513.1	XP_029050982.1
OG0009134	XP_015190885.1	XP_029055789.1
OG0009135	XP_015173860.1	XP_029047804.1
OG0009136	XP_015185021.1	XP_029040197.1
OG0009137	XP_015188947.1, XP_015188944.1	XP_029035113.1
OG0009138	XP_015179800.1	XP_029045147.1
OG0009141	XP_015186495.1	XP_029043599.1
OG0009143	XP_015173181.1	XP_029049574.1
OG0009144	XP_015183288.1	XP_029050730.1
OG0009197	XP_015186477.1	XP_029043594.1
OG0009199	XP_015184369.1	XP_029038478.1
OG0009206	XP_015185346.1	XP_029038683.1
OG0009211	XP_015179066.1	XP_029033675.1
OG0009212	XP_015188493.1	XP_029035744.1
OG0009213	XP_015187878.1	XP_029043628.1
OG0009214	XP_015182147.1	XP_029053431.1, XP_029053370.1
OG0009215	XP_015181475.1	XP_029040170.1
OG0009218	XP_015172524.1	XP_029042992.1
OG0009220	XP_015186185.1	XP_029045110.1
OG0009222	XP_015173021.1	XP_029041757.1
OG0009223	XP_015181679.1	XP_029040870.1
OG0009225	XP_015188694.1	XP_029041599.1
OG0009227	XP_015181332.1	XP_029054898.1
OG0009229	XP_015171440.1	XP_029038491.1
OG0009230	XP_015183005.1	XP_029044183.1
OG0009231	XP_015190972.1	XP_029055745.1
OG0009232	XP_015181577.1	XP_029040159.1
OG0009233	XP_015175808.1	XP_029044448.1
OG0009237	XP_015177314.1	XP_029039511.1
OG0009239	XP_015178310.1	XP_029051097.1
OG0009241	XP_015179547.1	XP_029043111.1
OG0009243	XP_015183450.1	XP_029051775.1
OG0009244	XP_015179003.1	XP_029051621.1
OG0009245	XP_015171370.1	XP_029050528.1
OG0009248	XP_015175632.1	XP_029044912.1
OG0009249	XP_015171425.1	XP_029040228.1
OG0009250	XP_015175422.1	XP_029049549.1, XP_029049540.1
OG0009252	XP_015174528.1	XP_029049322.1
OG0009255	XP_015185022.1	XP_029040184.1
OG0009259	XP_015171992.1	XP_029046452.1
OG0009260	XP_015188957.1	XP_029036512.1
OG0009262	XP_015178740.1	XP_029052483.1
OG0009266	XP_015181884.1	XP_029033429.1
OG0009269	XP_015188289.1	XP_029049326.1, XP_029049314.1
OG0009270	XP_015189162.1	XP_029056015.1
OG0009272	XP_015190827.1	XP_029037645.1
OG0009277	XP_015190968.1	XP_029041579.1
OG0009278	XP_015173811.1	XP_029056660.1
OG0009280	XP_015172459.1	XP_029037681.1
OG0009284	XP_015174805.1	XP_029032219.1
OG0009285	XP_015179050.1	XP_029043302.1
OG0009290	XP_015172191.1	XP_029050643.1
OG0009291	XP_015171768.1	XP_029038398.1
OG0009292	XP_015177353.1	XP_029044193.1
OG0009295	XP_015181521.1, XP_015176620.1	XP_029053201.1
OG0009313	XP_015179377.1	XP_029052492.1
OG0009342	XP_015181902.1	XP_029040303.1
OG0009354	XP_015174490.1	XP_029037733.1
OG0009362	XP_015190994.1	XP_029044358.1
OG0009363	XP_015172753.1	XP_029041671.1
OG0009365	XP_015191348.1	XP_029043687.1
OG0009367	XP_015185468.1	XP_029038214.1
OG0009368	XP_015176623.1	XP_029041098.1
OG0009374	XP_015173611.1	XP_029038765.1
OG0009376	XP_015181922.1	XP_029039412.1
OG0009379	XP_015184396.1	XP_029051704.1
OG0009382	XP_015183217.1	XP_029038889.1
OG0009385	XP_015182493.1	XP_029050524.1
OG0009387	XP_015181178.1	XP_029053253.1, XP_029053254.1
OG0009389	XP_015175590.1	XP_029038613.1
OG0009390	XP_015191324.1	XP_029048272.1
OG0009392	XP_015185926.1	XP_029052549.1, XP_029052548.1, XP_029052550.1
OG0009394	XP_015189558.1	XP_029052820.1
OG0009400	XP_015173113.1	XP_029034631.1
OG0009401	XP_015172136.1	XP_029044967.1
OG0009403	XP_015191015.1	XP_029049379.1
OG0009404	XP_015183957.1	XP_029035245.1
OG0009405	XP_015182791.1	XP_029045269.1
OG0009411	XP_015187521.1	XP_029044299.1
OG0009412	XP_015173603.1	XP_029041782.1
OG0009414	XP_015175054.1	XP_029042769.1
OG0009419	XP_015183530.1, XP_015183531.1	XP_029048685.1
OG0009422	XP_015173403.1, XP_015173402.1	XP_029041899.1
OG0009425	XP_015188781.1	XP_029035685.1
OG0009493	XP_015173810.1	XP_029056601.1
OG0009494	XP_015180756.1	XP_029050748.1
OG0009504	XP_015173392.1	XP_029041781.1
OG0009505	XP_015178578.1	XP_029051100.1
OG0009517	XP_015183129.1	XP_029053938.1
OG0009521	XP_015175276.1	XP_029034298.1
OG0009524	XP_015188958.1	XP_029044342.1
OG0009525	XP_015177830.1	XP_029041176.1
OG0009528	XP_015179981.1	XP_029038973.1
OG0009530	XP_015176624.1	XP_029041268.1
OG0009536	XP_015176892.1	XP_029036859.1
OG0009544	XP_015183908.1	XP_029056539.1
OG0009545	XP_015183021.1	XP_029037442.1
OG0009548	XP_015182387.1	XP_029046846.1
OG0009627	XP_015184560.1	XP_029044981.1
OG0009651	XP_015176386.1	XP_029052517.1
OG0009652	XP_015190574.1	XP_029038112.1
OG0009671	XP_015177011.1	XP_029043794.1, XP_029043789.1
OG0009676	XP_015181498.1	XP_029042010.1
OG0009679	XP_015183274.1, XP_015183273.1	XP_029048262.1
OG0009681	XP_015191054.1	XP_029045360.1
OG0009686	XP_015179042.1	XP_029055251.1
OG0009688	XP_015190546.1	XP_029041388.1
OG0009689	XP_015177768.1	XP_029047915.1
OG0009691	XP_015174683.1	XP_029044577.1
OG0009692	XP_015174028.1	XP_029035121.1
OG0009695	XP_015184889.1	XP_029040854.1
OG0009710	XP_015176020.1	XP_029053213.1
OG0009718	XP_015189303.1	XP_029049603.1
OG0009720	XP_015185665.1	XP_029034496.1
OG0009858	XP_015171356.1	XP_029038148.1
OG0009877	XP_015178442.1	XP_029051616.1
OG0009878	XP_015186021.1, XP_015186022.1	XP_029044247.1
OG0009885	XP_015190542.1	XP_029039460.1
OG0009886	XP_015187983.1	XP_029042779.1
OG0009889	XP_015179043.1	XP_029038416.1
OG0009913	XP_015173813.1	XP_029056623.1
OG0009935	XP_015189785.1, XP_015180903.1, XP_015188579.1, XP_015189660.1, XP_015188577.1	XP_029053706.1
OG0010079	XP_015180666.1	XP_029043139.1
OG0010084	XP_015189832.1	XP_029033120.1
OG0010107	XP_015181801.1	XP_029045773.1
OG0010109	XP_015184868.1	XP_029037504.1
OG0010141	XP_015177760.1	XP_029041798.1
OG0010156	XP_015173220.1	XP_029036737.1
OG0010466	XP_015189688.1	XP_029054256.1, XP_029054858.1
OG0010743	XP_015174481.1	XP_029035835.1
OG0010814	XP_015185449.1	XP_029038174.1
OG0010857	XP_015185698.1	XP_029035665.1
OG0011293	XP_015182145.1	XP_029055611.1
OG0011338	XP_015186820.1, XP_015180960.1, XP_015187602.1, XP_015187686.1	XP_029055292.1
OG0011955	XP_015188809.1	XP_029035413.1
OG0013093	XP_015183958.1	XP_029035353.1
OG0013244	XP_015183052.1	XP_029054759.1, XP_029054562.1
